# Project Zomboid Skinned Mesh
# File Version:
1.0
# Model Name:
Vehicle_HMMWVturtle.002
# Vertex Stride Element Count:
3
# Vertex Stride Size (in bytes):
76
# Vertex Stride Data:
# (Int)    Offset
# (String) Type
0
VertexArray
12
NormalArray
24
TextureCoordArray
# Vertex Count:
322
# Vertex Buffer:
0.26085946, 0.40322116, 0.21615382
0.50337231, 0.70229197, -0.50337231
0.97218841, 0.8461093
7.2e-07, 0.40322116, 0.31958544
0.0, 0.78820157, 0.61540574
0.89049536, 0.87850096
0.26085946, 0.40322116, 0.31958544
0.50337231, 0.70229197, 0.50337231
0.97218841, 0.87850096
0.26085946, 0.320476, 0.31958544
0.0, -0.2425306, 0.9701224
0.97218841, 0.90521183
7.2e-07, 0.36184865, 0.32992864
0.0, 0.0, 1.0
0.89049536, 0.89185628
7.2e-07, 0.320476, 0.31958544
0.0, -0.2425306, 0.9701224
0.89049536, 0.90521183
7.2e-07, 0.36184865, 0.20581074
0.0, 0.0, -1.0
0.89049536, 0.83275393
7.2e-07, 0.40322116, 0.21615382
0.0, 0.78820157, -0.61540574
0.89049536, 0.8461093
0.27120239, 0.36184865, 0.32992864
0.0, 0.0, 0.99996948
0.97542751, 0.89185639
0.26085946, 0.320476, 0.21615382
0.0, -0.2425306, -0.9701224
0.97218841, 0.81939855
0.27120239, 0.36184865, 0.20581074
0.0, 0.0, -1.0
0.97542751, 0.83275393
0.27120239, 0.36184865, 0.20581074
1.0, 0.0, 0.0
0.98554379, 0.84287027
0.27120239, 0.36184865, 0.32992864
1.0, 0.0, 0.0
0.98554379, 0.88174012
0.26085946, 0.320476, 0.31958544
0.9701224, -0.2425306, 0.0
0.99889922, 0.87850096
-0.260858, 0.40322116, 0.21615382
-0.50337231, 0.70229197, -0.50337231
0.80880231, 0.8461093
-0.260858, 0.40322116, 0.31958544
-0.50337231, 0.70229197, 0.50337231
0.80880231, 0.87850096
-0.260858, 0.320476, 0.31958544
0.0, -0.2425306, 0.9701224
0.80880237, 0.90521183
-0.27120095, 0.36184865, 0.32992864
0.0, 0.0, 1.0
0.80556321, 0.89185639
-0.27120095, 0.36184865, 0.20581074
0.0, 0.0, -1.0
0.80556321, 0.83275393
-0.260858, 0.320476, 0.21615382
0.0, -0.2425306, -0.9701224
0.80880231, 0.81939843
-0.27120095, 0.36184865, 0.20581074
-1.0, 0.0, 0.0
0.79544693, 0.84287027
-0.27120095, 0.36184865, 0.32992864
-1.0, 0.0, 0.0
0.79544699, 0.88174012
-0.260858, 0.320476, 0.31958544
-0.9701224, -0.24250008, 0.0
0.78209156, 0.87850096
-0.260858, 0.320476, 0.21615382
-0.9701224, -0.2425306, 0.0
0.78209156, 0.84610936
7.2e-07, 0.320476, 0.21615382
0.0, -0.2425306, -0.9701224
0.89049536, 0.81939855
0.26085946, 0.320476, 0.21615382
0.9701224, -0.24250008, 0.0
0.99889922, 0.8461093
0.25208515, -0.04211251, 0.72125077
0.58684039, -0.78261667, 0.20761742
0.68974274, 0.25273097
0.25208515, -0.04211251, 0.87020987
0.60621965, -0.78286082, -0.13998841
0.71776068, 0.25286603
0.21771002, -0.23117606, 0.87020993
0.98251289, -0.18610187, -0.00543229
0.72111094, 0.20707327
0.25208515, -0.16242567, -1.01469576
0.52571183, -0.85064244, 0.0
0.13420352, 0.25542301
0.48698232, -0.16242567, -0.90297645
0.0, -0.88576925, 0.46409497
0.1558727, 0.31447905
0.25208515, -0.16242567, -0.90297645
0.64909816, -0.68276012, 0.33533737
0.1629349, 0.25569141
4.6e-07, 0.00085641, 1.02489829
0.0, 0.5814997, 0.81353194
0.83947515, 0.6407668
0.28646016, 0.00085641, 1.02489829
0.02804651, 0.5970031, 0.80172122
0.83785927, 0.55148697
0.33923835, 0.0380962, 0.91604352
0.59645373, 0.6593219, 0.4576861
0.80194914, 0.53869236
0.25208515, -0.07648778, 0.66395891
0.55619985, -0.6085391, 0.56590474
0.67652059, 0.25012696
0.48698232, -0.04211251, 0.72125077
0.0, -0.96371347, 0.26691487
0.68083888, 0.30428594
0.21771002, -0.23117606, 0.66395891
0.67314678, -0.71855831, 0.17456588
0.66521478, 0.21596718
0.21771002, -0.23117606, 1.02489841
0.0, -1.0, 0.0
0.7604816, 0.21596718
4.6e-07, -0.23117606, 0.66395891
0.0, -0.97625661, 0.21655935
0.66521478, 0.15850461
0.48698232, -0.04211251, 0.87020987
0.0, -0.98394728, -0.1784112
0.72078276, 0.30704129
4.6e-07, -0.29133269, 0.53505182
0.0, -0.90615559, 0.42286447
0.6276685, 0.15850461
0.48698232, -0.07648778, 0.66395891
0.0, -0.70708334, 0.70708334
0.66435254, 0.30089682
0.21771002, -0.29133269, 0.53505182
0.19211401, -0.74663532, 0.63686025
0.62766838, 0.21596718
0.21771014, -0.26268664, -0.39594257
0.34174627, -0.85631883, -0.38712728
0.29237837, 0.22222763
0.21771014, -0.26268664, -0.50479734
0.5625782, -0.80559707, -0.18567461
0.26386783, 0.21799129
0.26927298, -0.07935232, -0.50479734
0.48167363, -0.60893583, -0.63017672
0.25505161, 0.26276612
4.6e-07, 0.09538814, 0.6095314
0.0, 0.99545276, 0.09518723
0.70793897, 0.64129651
0.32083532, 0.1011174, 0.4519785
0.0, 0.75685906, 0.6535539
0.6600433, 0.54293245
4.6e-07, 0.1011174, 0.45197839
0.0, 0.75685906, 0.6535539
0.65987831, 0.6414901
0.4869822, 0.09538814, 0.6095314
0.41636401, 0.86629844, 0.27585679
0.70894784, 0.49189675
4.6e-07, 0.0380962, 0.91604352
0.0, 0.96423233, 0.26493117
0.80332291, 0.64091247
0.42457533, 0.07533599, 0.73843849
0.60567033, 0.68156987, 0.41059601
0.74821234, 0.51292181
4.6e-07, 0.07533589, 0.73843837
0.0, 0.98373365, 0.17950988
0.74760175, 0.64113683
0.25208515, -0.13950899, 0.99338758
0.62160099, -0.70525223, -0.34086123
0.75227231, 0.23843133
0.48698232, -0.13950899, 1.02489829
0.0, -0.99996948, 0.0
0.7706877, 0.30045485
0.25208515, -0.13950899, 1.02489829
0.56956697, -0.82192451, 0.0
0.76100421, 0.23834366
0.25208515, -0.05930015, 0.91604352
0.58378857, -0.69069493, -0.4267098
0.72835833, 0.25100482
0.48698232, -0.13950899, 0.99338758
0.0, -0.92034668, -0.39106417
0.76314807, 0.30169141
0.48698232, -0.05930015, 0.91604352
0.0, -0.83581042, -0.54899746
0.73338908, 0.30609965
0.44687769, 0.32742059, -0.43891138
0.36967072, 0.92095709, -0.12305063
0.32640642, 0.50450337
0.44687769, 0.32742059, 0.41187418
0.39451277, 0.91888177, 0.0
0.58692145, 0.50450337
0.4869822, 0.28731623, 0.41760343
0.70708334, 0.70708334, 0.0
0.58867574, 0.48713684
0.4869822, 0.28731623, -0.43891138
0.70708334, 0.70708334, 0.0
0.32640648, 0.48713696
0.4869822, 0.06674212, 0.60953158
0.85695976, 0.24488053, 0.453444
0.71427196, 0.4846555
0.21771002, -0.23117606, 1.02489841
0.93630785, -0.35111547, 0.0
0.76406002, 0.2133351
0.21771002, -0.23117606, 0.9933877
0.95434433, -0.29468673, -0.04840235
0.7566281, 0.21227705
4.6e-07, -0.23117606, 1.02489841
0.0, -1.0, 0.0
0.7604816, 0.15850461
-0.21770929, -0.23117597, -1.01469576
0.0, -1.0, 0.0
0.12920621, 0.10773468
0.21771014, -0.23117597, -1.01469576
0.0, -1.0, 0.0
0.12937322, 0.22063124
0.21771014, -0.23117606, -0.5678184
0.66402173, -0.71993166, -0.20178838
0.24524066, 0.22045976
-0.21770929, -0.26268664, -0.50479734
-0.5625782, -0.80559707, -0.18567461
0.26295677, 0.11011523
-0.21770929, -0.23117606, -0.5678184
-0.66402173, -0.71993166, -0.20178838
0.24507365, 0.10756326
0.48698232, -0.08794618, -0.85141361
0.0, -0.75020599, 0.66115296
0.17529953, 0.31725359
0.25208515, -0.08794618, -0.85141361
0.57310706, -0.62776572, 0.52671897
0.18284291, 0.26526821
0.21771014, -0.23117606, -0.85141361
0.95144504, -0.30103457, 0.06402783
0.17057469, 0.23242623
0.48698232, -0.13950899, 1.02489829
0.0, 0.0, 1.0
0.88202661, 0.49024487
0.4869822, 0.00085641, 1.02489841
0.0, 0.6493423, 0.7604602
0.83940601, 0.48974037
0.4869822, 0.1011174, 0.45197856
0.0, 0.75685906, 0.6535539
0.66022193, 0.49167311
0.21771014, -0.23117597, -1.01469576
0.89440596, -0.44718772, 0.0
0.1331501, 0.23812634
0.21771014, -0.23117606, -0.90297645
0.89440596, -0.44718772, 0.0
0.15894428, 0.23557639
4.6e-07, -0.29133269, -0.25844181
0.0, -0.99472028, -0.10251167
0.38033468, 0.16053361
0.48698232, -0.29133269, -0.25844181
0.0, -0.99472028, -0.10251167
0.38033465, 0.2808612
0.48698232, -0.29133269, 0.53505182
0.0, -1.0, 0.0
0.57639772, 0.2808612
0.48698232, -0.26268664, -0.39594257
0.0, -0.97897273, -0.20392469
0.34563032, 0.2808612
4.6e-07, -0.29133269, 0.53505182
0.0, -1.0, 0.0
0.57639772, 0.16053361
0.25208515, -0.26268664, -0.39594257
0.0, -0.5105136, -0.85982847
0.29740557, 0.22986352
0.48698232, -0.26268664, -0.39594257
0.0, -0.5105136, -0.85982847
0.32648095, 0.29040408
0.48698232, -0.04211263, -0.56781864
0.0, -0.96972561, -0.24408704
0.25171021, 0.31853575
0.48698232, -0.07935232, -0.50479734
0.0, -0.70784628, -0.70635092
0.27043304, 0.31336164
0.25208515, -0.05070639, -0.77979875
0.59645373, -0.77678764, 0.20194098
0.19961652, 0.26749021
0.25208515, -0.04211263, -0.56781864
0.60399181, -0.7606433, -0.23783074
0.23932102, 0.2655201
0.21771014, -0.23117606, -0.77979875
0.97894222, -0.20358898, 0.014008
0.18892691, 0.22654569
0.48698232, -0.05070639, -0.77979875
0.0, -0.96636862, 0.25708792
0.19546661, 0.31978369
-0.21770929, -0.26268664, -0.39594257
-0.34174627, -0.85631883, -0.38712728
0.29278603, 0.10621744
0.4869822, 0.14122176, -0.9631328
0.7021088, 0.7021088, -0.11844233
0.15647346, 0.48745239
0.4869822, 0.13835707, -1.00037265
0.70604569, 0.70604569, -0.05429243
0.14514351, 0.48901123
0.44687769, 0.18132611, -0.9631328
0.29880673, 0.84133428, -0.45039216
0.15977019, 0.50450343
0.25208515, -0.13950899, 1.02489829
0.0, 0.0, 1.0
0.88161862, 0.56214881
0.48698232, -0.13950899, 0.99338758
1.0, 0.0, 0.0
0.76505059, 0.34027648
0.4869822, 0.00085641, 1.02489841
0.99996948, 0.0, 0.0
0.77469939, 0.38325715
0.48698232, -0.13950899, 1.02489829
0.99996948, 0.0, 0.0
0.77469933, 0.34027648
0.48698232, -0.05930015, 0.91604352
1.0, 0.0, 0.0
0.74136746, 0.36483681
0.4869822, 0.1011174, 0.45197856
1.0, 0.0, 0.0
0.59926838, 0.41395754
0.4869822, 0.09538814, 0.6095314
1.0, 0.0, 0.0
0.6475119, 0.41220325
0.4869822, 0.06674212, 0.60953158
1.0, 0.0, 0.0
0.6475119, 0.40343165
0.48698232, -0.04211251, 0.72125077
1.0, 0.0, 0.0
0.68172091, 0.37009978
0.48698232, -0.07648778, 0.66395891
0.99996948, 0.0, 0.0
0.66417783, 0.35957396
0.48698232, -0.29133269, 0.53505182
1.0, 0.0, 0.0
0.62470579, 0.2937873
0.4869822, 0.01732779, 0.92105687
0.0, 0.98764002, 0.15665151
0.80779326, 0.48887891
0.4869822, 0.03379927, 0.81721503
0.0, 0.98764002, 0.15665151
0.77642143, 0.48765814
4.6e-07, -0.13950899, 1.02489829
0.0, 0.0, 0.99996948
0.88263005, 0.64059311
0.21771002, -0.23117606, 1.02489841
0.0, 0.0, 1.0
0.91036475, 0.57252389
4.6e-07, -0.23117606, 1.02489841
0.0, 0.0, 1.0
0.91112268, 0.64047831
0.4869822, 0.01732779, 0.92105687
0.99996948, 0.0, 0.0
0.74290252, 0.38830078
0.48698232, -0.04211251, 0.87020987
1.0, 0.0, 0.0
0.72733301, 0.37009978
0.4869822, 0.03379927, 0.81721503
1.0, 0.0, 0.0
0.71110564, 0.3933444
0.4869822, 0.28731623, -0.43891138
1.0, 0.0, 0.0
0.32647324, 0.47097248
0.4869822, 0.06674212, -0.43891138
1.0, 0.0, 0.0
0.32647324, 0.40343171
0.4869822, 0.14122176, -0.9631328
1.0, 0.0, 0.0
0.16595417, 0.42623764
0.4869822, 0.06674221, -1.01469564
1.0, 0.0, 0.0
0.15016538, 0.40343159
-0.41250151, 0.06674221, -1.07198751
0.55153048, 0.38166448, -0.74166083
0.01800138, 0.45160043
-0.41250151, -0.01346659, -1.01469576
0.36725974, -0.54060489, -0.75685906
0.01800138, 0.48178267
-0.48698103, 0.06674221, -1.07198751
-0.55153048, 0.38166448, -0.74166083
0.04080743, 0.45160049
0.4869822, 0.13835707, -1.00037265
1.0, 0.0, 0.0
0.15455115, 0.42536044
0.4869822, 0.06674221, -1.01469564
0.0, 0.09851375, -0.99511701
0.11999595, 0.4922232
0.48698232, -0.16242567, -1.01469576
0.0, 0.0, -1.0
0.04982352, 0.49222314
0.25208515, -0.16242567, -1.01469576
0.0, 0.0, -1.0
0.04982358, 0.56414989
0.48698232, -0.29133269, 0.53505182
0.0, -0.51448101, 0.85747856
0.60497522, 0.2797814
0.4869822, 0.23002429, 0.42476481
0.0, 0.44718772, 0.89440596
0.06336382, 0.85330534
0.51562834, 0.2443472, 0.41760343
0.0, 1.0, 0.0
0.06826726, 0.86207694
0.4869822, 0.2443472, 0.41760343
0.0, 1.0, 0.0
0.06826726, 0.85330534
0.51562834, 0.23002429, 0.41044199
0.0, -0.52571183, -0.85064244
0.07317075, 0.86207688
0.4869822, 0.23002429, 0.42476481
0.0, -1.0, 0.0
0.07755652, 0.85330534
0.4869822, 0.23002429, 0.41044199
0.0, -0.52571183, -0.85064244
0.07317075, 0.85330534
0.4869822, 0.11544031, 0.42476481
0.0, 0.44718772, 0.89440596
0.096625, 0.86207694
0.51562834, 0.12976331, 0.41760343
0.0, 1.0, 0.0
0.10539657, 0.8571735
0.4869822, 0.12976331, 0.41760343
0.0, 1.0, 0.0
0.096625, 0.8571735
0.51562834, 0.11544031, 0.41044199
0.0, -0.52571183, -0.85064244
0.10539657, 0.85227001
0.4869822, 0.11544031, 0.42476481
0.0, -1.0, 0.0
0.096625, 0.84788424
0.4869822, 0.11544031, 0.41044199
0.0, -0.52571183, -0.85064244
0.096625, 0.85227001
0.58724314, 0.2443472, 0.41044199
0.70708334, 0.0, -0.70708334
0.07841483, 0.90249944
0.58724314, 0.2443472, 0.42476481
0.57734919, 0.57734919, 0.57734919
0.07841483, 0.90688521
0.58724314, 0.11544031, 0.41044199
0.70708334, 0.0, -0.70708334
0.11788678, 0.90249944
0.58724314, 0.11544031, 0.41044199
0.0, -1.0, 0.0
0.12227252, 0.90688521
0.58724314, 0.11544031, 0.42476481
0.57734919, -0.57734919, 0.57734919
0.11788678, 0.90688521
0.51562834, 0.11544031, 0.41044199
0.0, -1.0, 0.0
0.12227252, 0.92881411
0.51562834, 0.11544031, 0.42476481
-0.57734919, -0.57734919, 0.57734919
0.11788678, 0.92881411
0.58724314, 0.2443472, 0.41044199
0.0, 1.0, 0.0
0.07402903, 0.90688521
0.51562834, 0.2443472, 0.41044199
0.0, 1.0, 0.0
0.07402909, 0.92881411
0.51562834, 0.2443472, 0.42476481
-0.57734919, 0.57734919, 0.57734919
0.07841483, 0.92881411
0.51562834, 0.2443472, 0.41044199
-1.0, 0.0, 0.0
0.07841489, 0.93319982
0.51562834, 0.11544031, 0.41044199
-1.0, 0.0, 0.0
0.11788678, 0.93319982
0.51562834, 0.2443472, 0.41044199
0.0, 0.0, -1.0
0.07841483, 0.88057059
0.51562834, 0.11544031, 0.41044199
0.0, 0.0, -0.99996948
0.11788678, 0.88057059
0.4869822, 0.28731623, 0.41760343
1.0, 0.0, 0.0
0.58874249, 0.47097266
0.48698232, -0.29133269, -0.25844181
1.0, 0.0, 0.0
0.38173398, 0.29378748
0.48698232, -0.26268664, -0.39594257
0.99996948, 0.0, 0.0
0.33963051, 0.30255902
0.48698232, -0.07935232, -0.50479734
1.0, 0.0, 0.0
0.3062987, 0.35869682
0.48698232, -0.04211263, -0.56781864
0.99996948, 0.0, 0.0
0.28700125, 0.37009978
0.48698232, -0.05070639, -0.77979875
0.99996948, 0.0, 0.0
0.22209194, 0.36746836
0.48698232, -0.08794618, -0.85141361
1.0, 0.0, 0.0
0.20016319, 0.35606527
0.48698232, -0.16242567, -0.90297645
1.0, 0.0, 0.0
0.18437445, 0.33325934
0.48698232, -0.16242567, -1.01469576
1.0, 0.0, 0.0
0.15016544, 0.33325922
4.6e-07, 0.06674221, -1.01469576
0.0, 0.09851375, -0.99511701
0.11999601, 0.64133951
4.6e-07, 0.18132611, -0.96313304
0.0, 0.84496599, -0.53477585
0.15977013, 0.64133951
0.4869822, 0.13835707, -1.00037265
0.0, 0.38166448, -0.92428356
0.14235914, 0.4922232
4.6e-07, 0.13835707, -1.00037289
0.0, 0.44010743, -0.8979156
0.14235914, 0.64133951
4.6e-07, -0.16242567, -1.01469576
0.0, 0.0, -1.0
0.04982358, 0.64133951
4.6e-07, -0.23117597, -1.01469576
0.0, 0.0, -1.0
0.02877182, 0.64133957
0.21771014, -0.23117597, -1.01469576
0.0, 0.0, -1.0
0.02877182, 0.57467571
0.4869822, 0.28731623, 0.41760343
0.0, 0.16812646, 0.98574787
0.60169977, 0.49155068
0.44687769, 0.32742059, 0.41187418
0.0, 0.14139226, 0.9899289
0.58920282, 0.50392109
4.6e-07, 0.32742059, 0.41187412
0.0, 0.14139226, 0.9899289
0.58920228, 0.64177486
4.6e-07, 0.28731623, 0.41760325
0.0, 0.16150396, 0.98684651
0.60169291, 0.6417245
4.6e-07, 0.32742059, 0.41187412
0.0, 1.0, 0.0
0.58692145, 0.64133942
4.6e-07, 0.32742059, -0.4389115
0.0, 0.99075288, -0.13547166
0.32640648, 0.64133954
0.4869822, 0.28731623, -0.43891138
0.69374675, 0.69374675, -0.19333476
0.32310975, 0.48745239
-0.25208429, -0.04211251, 0.72125077
-0.58684039, -0.78261667, 0.20761742
0.68974274, 0.06427824
-0.21770912, -0.23117606, 0.87020993
-0.98251289, -0.18610187, -0.00543229
0.72111094, 0.10993606
-0.25208429, -0.04211251, 0.87020987
-0.60621965, -0.78286082, -0.13998841
0.71776068, 0.06414318
-0.48698124, -0.16242567, -0.90297645
0.0, -0.88576925, 0.46409497
0.15538311, 0.01436448
-0.25208429, -0.16242567, -1.01469576
-0.52571183, -0.85064244, 0.0
0.13417271, 0.07345891
-0.25208429, -0.16242567, -0.90297645
-0.64909816, -0.68276012, 0.33533737
0.16283935, 0.07299584
-0.33923745, 0.0380962, 0.91604352
-0.59645373, 0.6593219, 0.4576861
0.80277193, 0.74314034
-0.28645924, 0.00085641, 1.02489829
-0.02804651, 0.5970031, 0.80172122
0.8385784, 0.73005688
-0.48698124, -0.04211251, 0.72125077
0.0, -0.96371347, 0.26691487
0.68083888, 0.01272327
-0.25208429, -0.07648778, 0.66395891
-0.55619985, -0.6085391, 0.56590474
0.67652059, 0.06688225
-0.21770912, -0.23117606, 0.66395891
-0.67314678, -0.71855831, 0.17456588
0.66521478, 0.10104209
-0.21770912, -0.23117606, 1.02489841
0.0, -0.99996948, 0.0
0.7604816, 0.10104209
-0.48698124, -0.04211251, 0.87020987
0.0, -0.98394728, -0.1784112
0.72078276, 0.00996804
-0.48698124, -0.07648778, 0.66395891
0.0, -0.70708334, 0.70708334
0.66435254, 0.01611245
-0.21770912, -0.29133269, 0.53505182
-0.19211401, -0.74663532, 0.63686025
0.6276685, 0.10104209
-0.26927209, -0.07935232, -0.50479734
-0.48167363, -0.60893583, -0.63017672
0.25472823, 0.06548601
-0.3208344, 0.1011174, 0.4519785
0.0, 0.75685906, 0.6535539
0.66083753, 0.7400431
-0.48698103, 0.09538814, 0.6095314
-0.41636401, 0.86629844, 0.27585679
0.71015155, 0.79068267
-0.42457432, 0.07533599, 0.73843849
-0.60567033, 0.68156987, 0.41059601
0.74924481, 0.7693426
-0.48698124, -0.13950899, 1.02489829
0.0, -1.0, 0.0
0.77068782, 0.01655436
-0.25208429, -0.13950899, 0.99338758
-0.62160099, -0.70525223, -0.34086123
0.75227237, 0.078578
-0.25208429, -0.13950899, 1.02489829
-0.56956697, -0.82192451, 0.0
0.76100427, 0.07866567
-0.48698124, -0.13950899, 0.99338758
0.0, -0.92034668, -0.39106417
0.76314807, 0.01531792
-0.25208429, -0.05930015, 0.91604352
-0.58378857, -0.69069493, -0.4267098
0.72835833, 0.0660044
-0.48698124, -0.05930015, 0.91604352
0.0, -0.83581042, -0.54899746
0.73338914, 0.01090962
-0.4468767, 0.32742059, -0.43891138
-0.36967072, 0.92095709, -0.12305063
0.32640654, 0.77817559
-0.48698103, 0.28731623, 0.41760343
-0.70708334, 0.70708334, 0.0
0.58867586, 0.795542
-0.4468767, 0.32742059, 0.41187418
-0.39451277, 0.91885126, 0.0
0.58692157, 0.77817559
-0.48698103, 0.28731623, -0.43891138
-0.70708334, 0.70708334, 0.0
0.3264066, 0.79554236
-0.48698103, 0.06674212, 0.60953158
-0.85695976, 0.24488053, 0.453444
0.71553367, 0.79788065
-0.21770912, -0.23117606, 1.02489841
-0.93630785, -0.35111547, 0.0
0.76406008, 0.10367423
-0.21770912, -0.23117606, 0.9933877
-0.95434433, -0.29468673, -0.04840235
0.7566281, 0.10473222
-0.48698124, -0.08794618, -0.85141361
0.0, -0.75020599, 0.66115296
0.17475533, 0.01145828
-0.25208429, -0.08794618, -0.85141361
-0.57310706, -0.62776572, 0.52671897
0.18263686, 0.06331551
-0.21770929, -0.23117606, -0.85141361
-0.95144504, -0.30103457, 0.06402783
0.17061421, 0.09614956
-0.21770929, -0.23117606, -0.90297645
-0.89440596, -0.44718772, 0.0
0.15899396, 0.09308749
-0.48698103, 0.00085641, 1.02489841
0.0, 0.6493423, 0.7604602
0.84062231, 0.79178873
-0.48698124, -0.13950899, 1.02489829
0.0, 0.0, 1.0
0.88323736, 0.79094121
-0.48698103, 0.1011174, 0.45197856
0.0, 0.75685906, 0.6535539
0.66142923, 0.7912991
-0.21770929, -0.23117597, -1.01469576
-0.89440596, -0.44718772, 0.0
0.13324136, 0.09072101
-0.48698124, -0.29133269, 0.53505182
0.0, -1.0, 0.0
0.57639772, 0.04020602
-0.48698124, -0.29133269, -0.25844181
0.0, -0.99472028, -0.10251167
0.38033468, 0.04020596
-0.48698124, -0.26268664, -0.39594257
0.0, -0.97897273, -0.20392469
0.34563029, 0.04020596
-0.25208429, -0.26268664, -0.39594257
0.0, -0.5105136, -0.85982847
0.29780585, 0.09845161
-0.48698124, -0.26268664, -0.39594257
0.0, -0.5105136, -0.85982847
0.32647961, 0.03725201
-0.48698124, -0.04211263, -0.56781864
0.0, -0.96972561, -0.24408704
0.25111744, 0.00962174
-0.25208429, -0.04211263, -0.56781864
-0.60399181, -0.7606433, -0.23783074
0.23900858, 0.06278086
-0.25208429, -0.05070639, -0.77979875
-0.59645373, -0.77678764, 0.20194098
0.19936085, 0.06099766
-0.21770929, -0.23117606, -0.77979875
-0.97894222, -0.20358898, 0.014008
0.18895289, 0.10188723
-0.48698124, -0.05070639, -0.77979875
0.0, -0.96636862, 0.25708792
0.19487703, 0.00878966
-0.48698103, 0.14122176, -0.9631328
-0.7021088, 0.7021088, -0.11844233
0.15647358, 0.79522625
-0.4468767, 0.18132611, -0.9631328
-0.29880673, 0.84133428, -0.45039216
0.15977025, 0.77817562
-0.48698103, 0.13835707, -1.00037265
-0.70604569, 0.70604569, -0.05429243
0.14514387, 0.79366741
-0.25208429, -0.13950899, 1.02489829
0.0, 0.0, 1.0
0.88225043, 0.71904296
-0.48698124, -0.13950899, 0.99338758
-1.0, 0.0, 0.0
0.76257032, 0.9432204
-0.48698124, -0.13950899, 1.02489829
-0.99996948, 0.0, 0.0
0.77221906, 0.9432204
-0.48698103, 0.00085641, 1.02489841
-0.99996948, 0.0, 0.0
0.77221906, 0.90023982
-0.48698124, -0.05930015, 0.91604352
-1.0, 0.0, 0.0
0.73888707, 0.91866007
-0.48698103, 0.1011174, 0.45197856
-1.0, 0.0, 0.0
0.59678811, 0.86953939
-0.48698103, 0.06674212, 0.60953158
-1.0, 0.0, 0.0
0.64503163, 0.88006528
-0.48698103, 0.09538814, 0.6095314
-1.0, 0.0, 0.0
0.64503163, 0.87129368
-0.48698124, -0.04211251, 0.72125077
-1.0, 0.0, 0.0
0.67924064, 0.91339716
-0.48698124, -0.07648778, 0.66395891
-0.99996948, 0.0, 0.0
0.66169751, 0.92392304
-0.48698124, -0.29133269, 0.53505182
-1.0, 0.0, 0.0
0.62222552, 0.98970958
-0.48698103, 0.03379927, 0.81721503
0.0, 0.98764002, 0.15665151
0.77765667, 0.79437795
-0.48698103, 0.01732779, 0.92105687
0.0, 0.98764002, 0.15665151
0.80901748, 0.7929047
-0.21770912, -0.23117606, 1.02489841
0.0, 0.0, 0.99996948
0.91091216, 0.70843667
-0.48698103, 0.01732779, 0.92105687
-0.99996948, 0.0, 0.0
0.74042225, 0.89519619
-0.48698124, -0.04211251, 0.87020987
-1.0, 0.0, 0.0
0.72485262, 0.91339716
-0.48698103, 0.03379927, 0.81721503
-1.0, 0.0, 0.0
0.70862538, 0.89015248
-0.48698103, 0.28731623, -0.43891138
-1.0, 0.0, 0.0
0.3239933, 0.81252433
-0.48698103, 0.14122176, -0.9631328
-1.0, 0.0, 0.0
0.16347393, 0.85725914
-0.48698103, 0.06674212, -0.43891138
-1.0, 0.0, 0.0
0.32399324, 0.88006523
-0.48698103, 0.06674221, -1.01469564
-1.0, 0.0, 0.0
0.14768508, 0.88006525
-0.48698103, -0.01346659, -1.01469576
-0.36725974, -0.54060489, -0.75685906
0.04080743, 0.48178267
-0.48698103, 0.06674221, -1.01469564
-1.0, 0.0, 0.0
0.05508286, 0.46179718
-0.48698103, 0.13835707, -1.00037265
-1.0, 0.0, 0.0
0.15207091, 0.85813628
-0.48698103, 0.06674221, -1.01469564
0.0, 0.09851375, -0.99511701
0.11999601, 0.79045573
-0.25208429, -0.16242567, -1.01469576
0.0, 0.0, -1.0
0.04982358, 0.71852919
-0.48698124, -0.16242567, -1.01469576
0.0, 0.0, -1.0
0.04982364, 0.79045585
-0.48698124, -0.29133269, 0.53505182
0.0, -0.51448101, 0.85747856
0.60497522, 0.03722787
-0.51562703, 0.2443472, 0.41760343
0.0, 1.0, 0.0
0.08734497, 0.8571735
-0.48698103, 0.23002429, 0.42476481
0.0, 0.44718772, 0.89440596
0.09611657, 0.86207694
-0.48698103, 0.2443472, 0.41760343
0.0, 1.0, 0.0
0.09611657, 0.8571735
-0.48698103, 0.23002429, 0.42476481
0.0, -1.0, 0.0
0.09611657, 0.84788424
-0.51562703, 0.23002429, 0.41044199
0.0, -0.52571183, -0.85064244
0.08734497, 0.85227001
-0.48698103, 0.23002429, 0.41044199
0.0, -0.52571183, -0.85064244
0.09611657, 0.85227001
-0.51562703, 0.12976331, 0.41760343
0.0, 1.0, 0.0
0.07806495, 0.8571735
-0.48698103, 0.11544031, 0.42476481
0.0, 0.44718772, 0.89440596
0.08683655, 0.86207694
-0.48698103, 0.12976331, 0.41760343
0.0, 1.0, 0.0
0.08683655, 0.8571735
-0.48698103, 0.11544031, 0.42476481
0.0, -1.0, 0.0
0.08683655, 0.84788424
-0.51562703, 0.11544031, 0.41044199
0.0, -0.52571183, -0.85064244
0.07806495, 0.85227001
-0.48698103, 0.11544031, 0.41044199
0.0, -0.52571183, -0.85064244
0.08683655, 0.85227001
-0.58724195, 0.2443472, 0.41044199
-0.70708334, 0.0, -0.70708334
0.06913477, 0.90249944
-0.58724195, 0.11544031, 0.41044199
-0.70708334, 0.0, -0.70708334
0.02966288, 0.90249944
-0.58724195, 0.2443472, 0.42476481
-0.57734919, 0.57734919, 0.57734919
0.06913477, 0.90688521
-0.58724195, 0.11544031, 0.41044199
0.0, -1.0, 0.0
0.02527708, 0.90688521
-0.51562703, 0.11544031, 0.41044199
0.0, -1.0, 0.0
0.02527708, 0.92881405
-0.58724195, 0.11544031, 0.42476481
-0.57734919, -0.57734919, 0.57734919
0.02966288, 0.90688521
-0.51562703, 0.11544031, 0.42476481
0.57734919, -0.57734919, 0.57734919
0.02966288, 0.92881405
-0.58724195, 0.2443472, 0.41044199
0.0, 1.0, 0.0
0.07352051, 0.90688521
-0.51562703, 0.2443472, 0.41044199
0.0, 1.0, 0.0
0.07352054, 0.92881405
-0.51562703, 0.2443472, 0.42476481
0.57734919, 0.57734919, 0.57734919
0.06913477, 0.92881405
-0.51562703, 0.2443472, 0.41044199
1.0, 0.0, 0.0
0.06913477, 0.93319982
-0.51562703, 0.11544031, 0.41044199
1.0, 0.0, 0.0
0.02966288, 0.93319982
-0.51562703, 0.2443472, 0.41044199
0.0, 0.0, -1.0
0.06913477, 0.88057053
-0.51562703, 0.11544031, 0.41044199
0.0, 0.0, -1.0
0.02966288, 0.88057053
-0.48698103, 0.28731623, 0.41760343
-1.0, 0.0, 0.0
0.58626235, 0.81252445
-0.48698124, -0.29133269, -0.25844181
-1.0, 0.0, 0.0
0.37925392, 0.98970958
-0.48698124, -0.26268664, -0.39594257
-0.99996948, 0.0, 0.0
0.33715051, 0.98093804
-0.48698124, -0.07935232, -0.50479734
-1.0, 0.0, 0.0
0.30381864, 0.92480012
-0.48698124, -0.04211263, -0.56781864
-0.99996948, 0.0, 0.0
0.28452119, 0.9133971
-0.48698124, -0.05070639, -0.77979875
-0.99996948, 0.0, 0.0
0.21961173, 0.91602852
-0.48698124, -0.08794618, -0.85141361
-1.0, 0.0, 0.0
0.19768289, 0.92743155
-0.48698124, -0.16242567, -0.90297645
-1.0, 0.0, 0.0
0.18189409, 0.95023753
-0.48698124, -0.16242567, -1.01469576
-1.0, 0.0, 0.0
0.14768508, 0.95023759
-0.48698103, 0.13835707, -1.00037265
0.0, 0.38166448, -0.92428356
0.1423592, 0.79045573
-0.21770929, -0.23117597, -1.01469576
0.0, 0.0, -1.0
0.02877194, 0.70800343
-0.48698103, 0.28731623, 0.41760343
0.0, 0.16812646, 0.98574787
0.60291004, 0.79189301
-0.4468767, 0.32742059, 0.41187418
0.0, 0.14139226, 0.9899289
0.59031379, 0.77962384
-0.48698103, 0.28731623, -0.43891138
-0.69374675, 0.69374675, -0.19333476
0.32310987, 0.79522622
-0.41250151, 0.06674221, -1.01469564
1.0, 0.0, 0.0
0.00372595, 0.46179718
-0.44491833, 0.78289169, -1.04334152
0.861507, 0.0, 0.50767541
0.01685447, 0.20864034
-0.44974136, 0.06674221, -1.0351572
0.03183081, 0.0, 0.9994812
0.02476127, 0.42793036
-0.44491833, 0.06674221, -1.04334152
0.861507, 0.0, 0.50770593
0.01685453, 0.42793036
-0.45529523, 0.78289169, -1.04334152
-0.73659474, 0.55229348, -0.39033175
0.03266735, 0.20864034
-0.45529523, 0.06674221, -1.04334152
-0.88360238, 0.0, -0.46821496
0.03266788, 0.4279303
-0.44491833, 0.78289169, -1.04334152
0.0, 0.0, -1.0
0.04143865, 0.20864028
-0.44491833, 0.06674221, -1.04334152
0.0, 0.0, -1.0
0.04143948, 0.4279303
-0.44974136, 0.78289169, -1.0351572
0.02642903, 0.55757314, 0.82967621
0.02476091, 0.20864034
-0.44491833, 0.78289169, -1.04334152
0.0, 1.0, 0.0
0.02780182, 0.20134211
-0.41250151, 0.06674221, -1.01469564
0.0, 1.0, 0.0
0.01800138, 0.43405741
-0.48698103, 0.06674221, -1.01469564
0.0, 1.0, 0.0
0.04080743, 0.43405741
0.48698232, -0.16242567, -1.01469576
0.0, -1.0, 0.0
0.12896901, 0.31198955
0.51562834, 0.23002429, 0.42476481
0.0, 0.44718772, 0.89440596
0.06336382, 0.86207688
0.51562834, 0.23002429, 0.42476481
0.0, -1.0, 0.0
0.07755652, 0.86207688
0.51562834, 0.11544031, 0.42476481
0.0, 0.44718772, 0.89440596
0.10539657, 0.86207694
0.51562834, 0.11544031, 0.42476481
0.0, -1.0, 0.0
0.10539657, 0.84788424
-0.48698124, -0.16242567, -1.01469576
0.0, -1.0, 0.0
0.12854925, 0.01703906
-0.48698124, -0.07935232, -0.50479734
0.0, -0.70784628, -0.70635092
0.26989838, 0.01467252
-0.51562703, 0.23002429, 0.42476481
0.0, 0.44718772, 0.89440596
0.08734497, 0.86207694
-0.51562703, 0.23002429, 0.42476481
0.0, -1.0, 0.0
0.08734497, 0.84788424
-0.51562703, 0.11544031, 0.42476481
0.0, 0.44718772, 0.89440596
0.07806495, 0.86207694
-0.51562703, 0.11544031, 0.42476481
0.0, -1.0, 0.0
0.07806495, 0.84788424
# Number of Faces:
340
# Face Data:
0, 1, 2
3, 4, 5
0, 6, 7
2, 4, 8
9, 6, 10
11, 2, 12
13, 11, 12
1, 14, 15
16, 4, 17
14, 6, 18
4, 15, 17
6, 19, 18
15, 20, 21
22, 20, 23
0, 7, 1
3, 8, 4
0, 10, 6
2, 1, 4
9, 24, 6
11, 0, 2
13, 25, 11
1, 7, 14
16, 5, 4
14, 7, 6
4, 1, 15
6, 24, 19
15, 14, 20
22, 21, 20
26, 27, 28
29, 30, 31
32, 33, 34
35, 36, 26
35, 26, 37
37, 26, 28
37, 38, 39
26, 40, 27
41, 37, 39
42, 35, 43
44, 45, 46
47, 48, 49
47, 50, 48
51, 52, 53
54, 55, 56
57, 58, 54
27, 59, 57
60, 61, 62
60, 62, 63
34, 33, 64
27, 57, 28
65, 66, 54
67, 39, 38
34, 52, 51
50, 53, 52
50, 52, 64
34, 51, 32
68, 69, 70
71, 72, 70
31, 73, 74
75, 31, 74
33, 76, 77
48, 50, 78
52, 34, 64
54, 66, 57
28, 57, 66
65, 54, 56
79, 31, 80
81, 82, 83
84, 82, 81
85, 81, 83
46, 86, 44
46, 87, 86
70, 46, 45
46, 88, 89
70, 90, 91
90, 88, 91
92, 74, 90
74, 93, 90
45, 44, 94
95, 96, 97
33, 98, 76
99, 100, 101
99, 102, 100
103, 104, 105
106, 107, 105
105, 107, 103
107, 108, 103
33, 109, 110
53, 50, 47
98, 33, 32
111, 98, 32
112, 98, 111
113, 112, 111
100, 102, 114
102, 115, 114
114, 115, 116
115, 106, 116
106, 105, 116
117, 118, 119
118, 120, 119
121, 122, 123
124, 119, 120
125, 126, 127
43, 35, 37
42, 43, 128
129, 130, 131
132, 133, 134
130, 134, 131
135, 136, 137
138, 139, 140
136, 140, 137
141, 142, 143
144, 145, 146
145, 143, 142
147, 146, 145
148, 149, 142
150, 142, 149
147, 150, 151
152, 147, 151
147, 145, 142
142, 150, 147
153, 141, 154
154, 141, 143
155, 103, 117
117, 103, 118
118, 103, 156
156, 103, 108
157, 118, 156
158, 118, 157
159, 118, 158
160, 118, 159
160, 120, 118
161, 120, 160
162, 120, 161
120, 162, 163
125, 127, 164
165, 97, 166
165, 166, 167
166, 125, 167
167, 125, 164
164, 127, 168
168, 127, 169
170, 169, 127
171, 48, 78
172, 173, 174
172, 174, 171
48, 171, 174
48, 174, 49
61, 60, 175
175, 60, 176
97, 165, 60
165, 176, 60
60, 177, 95
95, 97, 60
178, 179, 180
181, 182, 183
32, 184, 185
186, 187, 178
187, 188, 178
188, 179, 178
188, 39, 189
190, 178, 180
188, 41, 39
191, 192, 187
94, 193, 71
47, 49, 194
47, 194, 195
51, 53, 196
197, 198, 199
200, 201, 198
202, 180, 201
203, 204, 205
203, 206, 204
184, 207, 185
180, 179, 201
208, 198, 209
67, 189, 39
184, 51, 196
195, 196, 53
195, 207, 196
184, 32, 51
70, 72, 68
70, 45, 71
210, 183, 211
212, 183, 213
185, 214, 215
194, 216, 195
196, 207, 184
198, 201, 209
179, 209, 201
208, 199, 198
183, 217, 213
81, 218, 219
220, 81, 219
85, 218, 81
193, 94, 221
222, 193, 221
193, 72, 71
193, 223, 224
72, 225, 226
223, 225, 224
84, 81, 220
226, 211, 212
227, 211, 225
94, 71, 45
228, 229, 230
185, 215, 231
232, 233, 234
232, 234, 235
236, 237, 238
239, 237, 240
237, 236, 240
240, 236, 241
185, 242, 243
53, 47, 195
231, 32, 185
111, 32, 231
244, 111, 231
113, 111, 244
234, 245, 235
235, 245, 246
245, 247, 246
246, 247, 239
239, 247, 237
248, 249, 250
250, 249, 251
123, 252, 253
254, 251, 249
255, 256, 257
192, 188, 187
191, 258, 192
259, 260, 261
262, 263, 264
264, 259, 261
265, 266, 267
268, 269, 270
270, 265, 267
271, 272, 273
274, 275, 276
276, 273, 272
277, 276, 275
278, 273, 279
280, 279, 273
277, 281, 280
282, 281, 277
277, 273, 276
273, 277, 280
283, 284, 271
284, 272, 271
285, 248, 236
248, 250, 236
250, 286, 236
286, 241, 236
287, 286, 250
288, 287, 250
289, 288, 250
290, 289, 250
290, 250, 251
291, 290, 251
292, 291, 251
251, 293, 292
255, 164, 256
165, 294, 229
165, 167, 294
294, 167, 255
167, 164, 255
164, 168, 256
168, 169, 256
295, 256, 169
296, 216, 194
297, 174, 173
297, 296, 174
194, 174, 296
194, 49, 174
205, 175, 203
175, 176, 203
229, 203, 165
165, 203, 176
203, 228, 298
228, 203, 229
299, 122, 121
123, 122, 252
300, 301, 302
301, 303, 304
304, 305, 306
303, 307, 308
309, 121, 310
123, 310, 121
29, 311, 30
35, 42, 36
26, 36, 40
41, 43, 37
54, 58, 55
57, 59, 58
27, 40, 59
31, 30, 73
75, 80, 31
79, 29, 31
46, 89, 87
70, 91, 46
46, 91, 88
70, 92, 90
90, 93, 88
92, 75, 74
74, 73, 93
33, 77, 109
110, 64, 33
129, 312, 130
132, 313, 133
130, 132, 134
135, 314, 136
138, 315, 139
136, 138, 140
181, 316, 182
186, 191, 187
190, 186, 178
188, 192, 41
197, 200, 198
200, 202, 201
202, 190, 180
210, 181, 183
212, 211, 183
183, 182, 217
222, 317, 193
193, 224, 72
193, 317, 223
72, 224, 225
223, 227, 225
226, 225, 211
227, 210, 211
185, 207, 242
243, 214, 185
259, 318, 260
262, 319, 263
264, 263, 259
265, 320, 266
268, 321, 269
270, 269, 265
300, 307, 301
301, 307, 303
304, 303, 305
