# Project Zomboid Skinned Mesh
# File Version:
1.0
# Model Name:
Vehicle_StepVanSwat
# Vertex Stride Element Count:
3
# Vertex Stride Size (in bytes):
76
# Vertex Stride Data:
# (Int)    Offset
# (String) Type
0
VertexArray
12
NormalArray
24
TextureCoordArray
# Vertex Count:
590
# Vertex Buffer:
0.44580299, -0.42659, 1.112414
0.0, -0.51890624, 0.85479295
0.98617768, 0.98845521
0.23545399, -0.426025, 0.96244401
-3.052e-05, -0.99960327, 0.02716147
0.95453244, 0.9443782
0.44580299, -0.426025, 0.96244401
0.0, -0.99996948, -0.00375378
0.95453233, 0.98826676
0.0, -0.42659, 1.12360597
0.0, -0.99996948, -0.00354015
0.98853928, 0.89504071
0.233593, -0.109826, 1.11774194
0.02392651, 0.30185857, 0.95303202
0.82036, 0.15044308
0.44580299, -0.42659, 1.112414
0.00683615, 0.0, 0.99996948
0.76592785, 0.23001611
0.44580299, -0.109826, 1.112414
0.02075259, 0.52992338, 0.84774315
0.76669174, 0.1493873
0.44580299, -0.284863, 0.90103
0.0, -0.71120334, -0.70296335
0.94157338, 0.9884554
0.44580299, -0.426025, 0.96244401
0.0, -0.39893794, -0.91695911
0.95453238, 0.9884554
0.23545399, -0.284863, 0.90103
0.0, -0.71120334, -0.70296335
0.94157338, 0.9443782
0.44580299, -0.243028, 0.801718
0.0, -0.99121064, -0.13214515
0.92061752, 0.9884554
0.23545399, -0.243028, 0.801718
0.0, -0.99121064, -0.13214515
0.92061752, 0.9443782
0.44580299, -0.25736901, 0.69500297
0.0, -0.90963471, 0.41532639
0.89809942, 0.9884554
0.23545399, -0.25736901, 0.69500297
0.0, -0.90963471, 0.41532639
0.89809948, 0.9443782
0.44580299, -0.32309699, 0.62052602
0.0, -0.62077701, 0.78395945
0.88238412, 0.9884554
0.23545399, -0.32309699, 0.62052602
0.0, -0.62077701, 0.78395945
0.88238412, 0.9443782
0.44580299, 0.025734, 0.59279001
1.0, 0.0, 0.0
0.49650615, 0.35855401
0.44580299, -0.243028, 0.801718
1.0, 0.0, 0.0
0.55491614, 0.43327183
0.44580299, -0.25736901, 0.69500297
1.0, 0.0, 0.0
0.52508187, 0.43725872
0.44580299, 0.027402, 0.83782798
0.99996948, 0.0, 0.0
0.56501144, 0.35809022
0.44580299, -0.284863, 0.90103
1.0, 0.0, 0.0
0.58268088, 0.44490212
0.44580299, -0.109826, 1.112414
1.0, 0.0, 0.0
0.64177763, 0.39624071
0.44580299, -0.42659, 1.112414
1.0, 0.0, 0.0
0.64177763, 0.48430336
0.44580299, -0.426025, 0.96244401
1.0, 0.0, 0.0
0.59985048, 0.48414612
0.44580299, -0.323634, 0.59345597
0.99996948, 0.0, 0.0
0.49669233, 0.45568103
0.44580299, -0.32309699, 0.62052602
1.0, 0.0, 0.0
0.50426048, 0.45553166
0.23545399, -0.46472701, 0.51447898
0.0, -0.98431349, 0.17627491
0.86000699, 0.9443782
0.44580299, -0.46636701, 0.22364201
0.0, -0.99996948, 0.00222785
0.79863739, 0.98845522
0.44580299, -0.46472701, 0.51447898
0.0, -0.95037693, 0.31104463
0.86000699, 0.9884554
0.0, 0.62634706, 0.22012
0.0, 0.99996948, -3.052e-05
0.39065954, 0.6346989
0.198634, 0.61758858, 0.66654599
0.05389569, 0.883816, 0.46467483
0.52612948, 0.69205174
0.397268, 0.60872906, 0.66095001
0.4629963, 0.80407119, 0.37290567
0.52533716, 0.75207463
0.397268, 0.60867804, 0.44053501
0.53978086, 0.84179205, 0.00326548
0.45108867, 0.75129944
0.397268, 0.60862702, 0.22012
0.52656639, 0.85012358, -3.052e-05
0.39017123, 0.75129932
0.44580299, -0.42899701, 0.56379402
0.0, -0.65770441, 0.75322735
0.87041289, 0.9884554
0.23545399, -0.42899701, 0.56379402
0.0, -0.65770441, 0.75322735
0.87041301, 0.9443782
0.44580299, -0.429533, 0.53424799
1.0, 0.0, 0.0
0.48013955, 0.48512155
0.44580299, -0.42899701, 0.56379402
1.0, 0.0, 0.0
0.48839965, 0.48497236
0.44580299, -0.46472701, 0.51447898
1.0, 0.0, 0.0
0.47461265, 0.49490565
0.44580299, -0.46636701, 0.22364201
0.99996948, 0.0, 0.0
0.39330336, 0.49536157
0.44580299, -0.43060699, 0.223625
0.89461958, 0.0, 0.44679099
0.39329848, 0.48542005
0.44580299, -0.430417, -0.372453
0.0, -0.56791896, -0.82305366
0.67285472, 0.98845519
0.23545399, -0.46574101, -0.33253801
0.0, -0.98294014, -0.18384349
0.68127751, 0.9443782
0.23545399, -0.430417, -0.372453
0.0, -0.56791896, -0.82305366
0.67285472, 0.9443782
0.44580299, -0.46574101, -0.33253801
0.0, -0.93490404, -0.35486922
0.68127751, 0.98845521
0.44580299, 0.347179, 0.73942798
1.0, 0.0, 0.0
0.53750175, 0.26919001
0.44580299, 0.347179, 0.59074497
1.0, 0.0, 0.0
0.49593458, 0.26919001
0.44580299, 0.347179, 0.73942798
0.02441481, 0.25797296, 0.96581924
0.76647204, 0.01802588
0.0, 0.39404801, 0.73818898
0.0, 0.27954954, 0.96011233
0.87943602, 0.00734591
0.0, 0.347179, 0.751926
0.0, 0.28125858, 0.95962399
0.87943602, 0.01970708
0.44580299, 0.39404801, 0.72699797
0.0242317, 0.25626391, 0.96627706
0.76656532, 0.00574374
0.44580299, 0.347078, 0.22017001
1.0, 0.0, 0.0
0.39233255, 0.26921827
0.44580299, 0.39404801, 0.59072298
1.0, 0.0, 0.0
0.49592838, 0.25616008
0.44580299, 0.39394701, 0.220147
0.99996948, 0.0, 0.0
0.39232635, 0.25618845
0.44580299, 0.39404801, 0.72699797
1.0, 0.0, 0.0
0.53402668, 0.25616008
0.44580299, 0.39404801, 0.72699797
0.7058931, 0.14551225, 0.69316691
0.55303931, 0.76333404
0.22959971, 0.54046649, 0.71792066
0.04214606, 0.34635457, 0.93713188
0.54830384, 0.70495433
0.22290149, 0.39404801, 0.73259348
0.02639851, 0.09720145, 0.99490339
0.55213475, 0.70987299
0.0, 0.62644809, 0.67214203
0.0, 0.87505722, 0.48399305
0.52562463, 0.635474
0.0, 0.38968638, -1.10899794
3.052e-05, 0.02465896, -0.99969482
0.8777352, 0.26905978
0.198634, 0.53497893, -1.09545648
0.05035554, 0.03518784, -0.99810785
0.92979842, 0.25184005
0.1062235, 0.389465, -1.10405898
0.04654073, 0.02954192, -0.99847406
0.90574157, 0.26905978
0.397268, 0.60385907, -1.08191502
0.0479751, 0.05612354, -0.99725336
0.02476624, 0.75129174
0.198634, 0.53497893, -1.09545648
0.05035554, 0.03518784, -0.99810785
0.00785435, 0.6886943
0.198634, 0.61271906, -1.092278
0.05337687, 0.04040651, -0.99774164
0.0246925, 0.68880174
0.44580299, 0.39394701, 0.220147
0.99893183, 0.04535051, 0.00482192
0.39017892, 0.76196992
0.43653733, 0.53128397, 0.45306307
0.9655751, 0.25986511, 0.01037629
0.44334152, 0.76045215
0.44580299, 0.39399749, 0.40543497
0.99755853, 0.06967375, 0.00347911
0.44138801, 0.76196992
0.44580299, 0.39404801, 0.59072298
0.99606311, 0.0885342, 0.0
0.49259713, 0.76196992
0.43359944, 0.53134185, 0.64120305
0.96618551, 0.25751519, 0.01098666
0.51179659, 0.7608397
0.44580299, 0.39404801, 0.65886045
0.99581897, 0.09128086, 0.0019837
0.51142865, 0.76196992
0.44580299, 0.026505, -0.33396599
0.99996948, 0.0, 0.0
0.2374128, 0.35833973
0.44580299, 0.026455, 0.222214
0.99996948, 0.0, 0.0
0.39290407, 0.35835356
0.44580299, -0.430547, -0.332555
1.0, 0.0, 0.0
0.23780705, 0.48540348
0.44580299, 0.394007, -0.336032
1.0, 0.0, 0.0
0.23683506, 0.25617176
0.43998429, 0.53125519, -0.0643839
0.9635914, 0.26722008, -0.00524918
0.31351149, 0.76045209
0.44018883, 0.53122336, 0.22594059
0.96353036, 0.26752526, 0.00491348
0.39017507, 0.76006451
0.397268, 0.6086871, -0.33605999
0.54448074, 0.83874017, -0.00622578
0.23645651, 0.75129935
0.43529397, 0.53129584, -0.34991589
0.96551406, 0.26007873, -0.00912503
0.236402, 0.76014449
0.0, 0.62640709, -0.33605999
0.0, 0.99996948, -0.00289926
0.2369449, 0.6346989
0.397268, 0.60865706, -0.05797
0.52729881, 0.84966582, -3.052e-05
0.31331387, 0.75129932
0.44580299, -0.46574101, -0.33253801
1.0, 0.0, 0.0
0.23781206, 0.49518776
0.44580299, -0.430417, -0.372453
1.0, 0.0, 0.0
0.22665276, 0.48536736
0.44580299, -0.325082, -0.412301
0.0, -0.5764336, -0.81710255
0.66444641, 0.98845519
0.23545399, -0.325082, -0.412301
0.0, -0.5764336, -0.81710255
0.66444641, 0.9443782
0.44580299, -0.325082, -0.412301
1.0, 0.0, 0.0
0.21551247, 0.45608324
0.44580299, -0.25734499, -0.49212301
0.0, -0.91366315, -0.4064455
0.64760327, 0.98845519
0.23545399, -0.25734499, -0.49212301
0.0, -0.91366315, -0.4064455
0.64760327, 0.9443782
0.44580299, -0.25734499, -0.49212301
1.0, 0.0, 0.0
0.19319667, 0.43725222
0.44580299, -0.243074, -0.59842199
0.0, -0.99136329, 0.13107699
0.62517297, 0.98845521
0.23545399, -0.24345399, -0.59559202
0.0, -0.99108857, -0.13306069
0.62577039, 0.9443782
0.23545399, -0.243074, -0.59842199
0.0, -0.99136329, 0.13107699
0.62517321, 0.9443782
0.44580299, 0.026505, -1.08620501
1.0, 0.0, 0.0
0.02710909, 0.35833973
0.44580299, -0.243074, -0.59842199
1.0, 0.0, 0.0
0.16347866, 0.43328452
0.44580299, 0.394007, -0.336032
0.99679554, 0.07950072, -0.00463881
0.2364641, 0.76196992
0.43066156, 0.52898479, -0.72624725
0.96725363, 0.25366986, -0.006592
0.13281079, 0.75987071
0.397268, 0.60414505, -1.08191502
0.57731867, 0.81646168, -0.007416
0.02478336, 0.75129923
0.42813751, 0.52839428, -1.08686149
0.96838284, 0.24930571, -0.00469985
0.01934653, 0.75944921
0.0, 0.62186509, -1.10264099
0.0, 0.99996948, -0.00601215
0.02508017, 0.63469881
0.397268, 0.60641611, -0.70898747
0.56590474, 0.82439649, -0.00827052
0.13338831, 0.75129929
0.44580299, -0.28486899, -0.69827402
0.0, -0.71883297, 0.69515061
0.60410333, 0.98845519
0.23545399, -0.28486899, -0.69827402
-0.00057985, -0.71929073, 0.69466233
0.60410333, 0.9443782
0.44580299, -0.28486899, -0.69827402
1.0, 0.0, 0.0
0.13556306, 0.44490403
0.44580299, -0.44877201, -0.77342898
-0.00091556, -0.41776788, 0.90853602
0.58824462, 0.98845521
0.23545399, -0.44877201, -0.77390301
-0.00204474, -0.4189581, 0.9079867
0.58814472, 0.9443782
0.44580299, -0.44877201, -0.77342898
1.0, -6.104e-05, 0.0
0.11455176, 0.49047011
0.44580299, -0.44933701, -0.77342999
-0.00347911, -0.70729697, 0.70690024
0.58824462, 0.98845521
0.44580299, -0.44988999, -1.13833904
-0.00094607, -0.99996948, 0.00250252
0.51124477, 0.98845521
0.0, -0.44988999, -1.15906596
0.0, -0.99996948, 0.00292978
0.50687128, 0.89504071
0.44580299, -0.318661, -1.08562803
1.0, 0.0, 0.0
0.02727037, 0.45429832
0.44580299, -0.44933701, -0.77342999
0.99996948, -6.104e-05, 0.0
0.11455176, 0.49062711
0.44580299, -0.44988999, -1.13833904
1.0, 0.0, 0.0
0.01253384, 0.49078095
0.23545399, -0.44474399, 0.752321
1.0, 0.0, 0.0
0.91019422, 0.9443782
0.23545399, -0.456846, -0.57860202
1.0, 0.0, 0.0
0.62935549, 0.9443782
0.42793122, 0.52752191, -1.08509302
0.04596087, 0.04168829, -0.99804682
0.00777934, 0.75115055
0.30485749, 0.53238839, -1.09051752
0.04675436, 0.04428236, -0.99789423
0.00783303, 0.72746474
0.212547, 0.026505, -1.09904301
0.05337687, -0.00183111, -0.99856561
0.93377429, 0.36686701
0.32912534, 0.389465, -1.09369552
0.04626606, 0.01474044, -0.99880975
0.96451068, 0.26905984
0.4458037, 0.389465, -1.08827102
0.04803614, 0.01272622, -0.99874872
0.99527341, 0.26905984
0.44580299, 0.026505, -1.08620501
0.0553911, -0.00314341, -0.99844354
0.99527341, 0.36686701
0.212547, -0.31861401, -1.09904301
0.05645924, -0.00100711, -0.99838251
0.93377429, 0.45986658
0.44580299, -0.318661, -1.08562803
0.05740532, -0.001648, -0.99832147
0.99527347, 0.45987928
0.44580299, -0.332553, -1.13842905
0.03814813, 0.61790824, -0.78530228
0.99527347, 0.46362293
0.0, -0.44988999, -1.15906596
0.0, -0.00070193, -0.99996948
0.8777352, 0.4952417
0.0, -0.33247799, -1.15914798
-6.104e-05, 0.60084844, -0.79934078
0.8777352, 0.4636026
0.44580299, -0.44988999, -1.13833904
0.04641865, -0.00076296, -0.99890131
0.99527347, 0.4952417
-0.44580299, -0.42659, 1.112414
3.052e-05, -0.99996948, -0.00369274
0.98617768, 0.8016258
-0.23545399, -0.426025, 0.96244401
3.052e-05, -0.99960327, 0.02716147
0.95453238, 0.8457029
-0.44580299, -0.426025, 0.96244401
0.0, -0.99996948, -0.00375378
0.95453238, 0.8016258
-0.44580299, -0.42659, 1.112414
-0.00952177, 0.0, 0.99993896
0.99294394, 0.23001617
-0.22497299, -0.109826, 1.11795795
-0.02395703, 0.29721975, 0.95449692
0.93633211, 0.15048599
0.0, -0.109826, 1.12360597
0.0, 0.0, 1.0
0.87943608, 0.15160519
0.0, -0.42659, 1.12360597
0.0, 0.0, 1.0
0.87943608, 0.23138875
-0.44580299, -0.284863, 0.90103
0.0, -0.71120334, -0.70296335
0.94157338, 0.8016258
-0.23545399, -0.284863, 0.90103
0.0, -0.71120334, -0.70296335
0.94157338, 0.8457029
-0.44580299, -0.109826, 1.112414
-0.0207831, 0.52992338, 0.84777367
0.99218041, 0.14938742
-0.30540001, 0.026796, 0.841609
-0.00927763, 0.89468062, 0.44654682
0.95669889, 0.10254419
-0.44580299, 0.027402, 0.83782798
-0.00814844, 0.894467, 0.44700462
0.99235272, 0.10186648
-0.44580299, -0.243028, 0.801718
0.0, -0.99121064, -0.13214515
0.92061752, 0.8016258
-0.23545399, -0.243028, 0.801718
0.0, -0.99121064, -0.13214515
0.92061752, 0.8457029
-0.44580299, -0.25736901, 0.69500297
0.0, -0.90963471, 0.41532639
0.89809942, 0.8016258
-0.23545399, -0.25736901, 0.69500297
0.0, -0.90963471, 0.41532639
0.89809948, 0.8457029
-0.44580299, -0.32309699, 0.62052602
0.0, -0.62077701, 0.78395945
0.88238412, 0.8016258
-0.23545399, -0.32309699, 0.62052602
0.0, -0.62077701, 0.78395945
0.88238412, 0.8457029
-0.44580299, 0.025734, 0.59279001
-1.0, 0.0, 0.0
0.49640155, 0.10654652
-0.44580299, -0.25736901, 0.69500297
-1.0, 0.0, 0.0
0.52497727, 0.18525106
-0.44580299, -0.243028, 0.801718
-1.0, 0.0, 0.0
0.55481154, 0.1812644
-0.44580299, 0.027402, 0.83782798
-1.0, 0.0, 0.0
0.56490684, 0.1060828
-0.44580299, -0.284863, 0.90103
-1.0, 0.0, 0.0
0.58257627, 0.19289476
-0.44580299, -0.109826, 1.112414
-1.0, 0.0, 0.0
0.64167303, 0.14423323
-0.44580299, -0.42659, 1.112414
-0.34995574, 0.0, 0.93673515
0.64167303, 0.23229587
-0.44580299, -0.426025, 0.96244401
-1.0, 0.0, 0.0
0.59974587, 0.23213863
-0.44580299, -0.323634, 0.59345597
-0.99996948, 0.0, 0.0
0.49658772, 0.20367318
-0.44580299, -0.32309699, 0.62052602
-1.0, 0.0, 0.0
0.50415587, 0.20352393
-0.23545399, -0.46472701, 0.51447898
0.0, -0.98431349, 0.17627491
0.86000699, 0.8457029
-0.44580299, -0.46472701, 0.51447898
0.0, -0.95037693, 0.31104463
0.86000699, 0.8016258
-0.44580299, -0.46636701, 0.22364201
0.0, -0.99996948, 0.00222785
0.79863739, 0.8016258
-0.397268, 0.60867804, 0.44053501
-0.53978086, 0.84179205, 0.00326548
0.45157707, 0.51691726
-0.397268, 0.60872906, 0.66095001
-0.4629963, 0.80407119, 0.37290567
0.52505046, 0.51691729
-0.198634, 0.61758858, 0.66654599
-0.05389569, 0.883816, 0.46467483
0.52582198, 0.5751929
-0.44580299, -0.42899701, 0.563793
0.0, -0.65770441, 0.75322735
0.87041289, 0.8016258
-0.23545399, -0.42899701, 0.56379402
0.0, -0.65770441, 0.75322735
0.87041301, 0.8457029
-0.44580299, -0.429533, 0.53424799
-1.0, 0.0, 0.0
0.48003492, 0.233114
-0.44580299, -0.42899701, 0.563793
-1.0, 0.0, 0.0
0.48829505, 0.23296499
-0.44580299, -0.46472701, 0.51447898
-1.0, 0.0, 0.0
0.47450805, 0.24289811
-0.44580299, -0.46636701, 0.22364201
-1.0, 0.0, 0.0
0.39319876, 0.24335384
-0.44580299, -0.43060699, 0.22362401
-0.89461958, 0.0, 0.44679099
0.39319387, 0.23341256
-0.44580299, -0.430417, -0.372453
0.0, -0.56791896, -0.82305366
0.6728549, 0.8016258
-0.23545399, -0.46574101, -0.33253801
0.0, -0.98294014, -0.18384349
0.68127751, 0.8457029
-0.44580299, -0.46574101, -0.33253801
0.0, -0.93490404, -0.35486922
0.68127751, 0.8016258
-0.23545399, -0.430417, -0.372453
0.0, -0.56791896, -0.82305366
0.6728549, 0.8457029
-0.44580299, 0.347179, 0.73942697
-1.0, 0.0, 0.0
0.53739715, 0.01718253
-0.44580299, 0.347179, 0.59074497
-1.0, 0.0, 0.0
0.49582997, 0.01718247
-0.44580299, 0.347179, 0.73942697
-0.02441481, 0.25797296, 0.96581924
0.99239939, 0.01802528
-0.44580299, 0.39404801, 0.72699797
-0.0242317, 0.25623339, 0.96627706
0.99230641, 0.00574315
-0.44580299, 0.347078, 0.22016899
-1.0, 0.0, 0.0
0.39222795, 0.0172106
-0.44580299, 0.39404801, 0.59072298
-1.0, 0.0, 0.0
0.49582377, 0.0041526
-0.44580299, 0.39394701, 0.220147
-0.99996948, 0.0, 0.0
0.39222175, 0.00418091
-0.44580299, 0.39404801, 0.72699797
-1.0, 0.0, 0.0
0.53392208, 0.00415266
-0.44580299, 0.39404801, 0.72699797
-0.7058931, 0.14551225, 0.69316691
0.55157447, 0.50419277
-0.22959971, 0.54046649, 0.71792066
-0.04214606, 0.34635457, 0.93713188
0.55027837, 0.56960848
-0.43270302, 0.53134358, 0.71000385
-0.6697287, 0.35608998, 0.65163124
0.54956454, 0.50557742
-0.0, 0.54047978, 0.72470021
0.0, 0.31473738, 0.94915617
0.54954922, 0.63536018
-0.19863351, 0.53595096, -1.09545648
-0.05047762, 0.03524888, -0.99807733
0.82628709, 0.25184005
0.0, 0.53780276, -1.10581946
3.052e-05, 0.03009125, -0.99954224
0.8777352, 0.25160581
-0.39726701, 0.60385907, -1.08191502
-0.03521836, 0.07223731, -0.9967345
0.02538091, 0.51690722
-0.19863351, 0.53595096, -1.09545648
-0.05047762, 0.03524888, -0.99807733
0.00785409, 0.57719263
-0.30485702, 0.53188646, -1.09051752
-0.04040651, 0.04562517, -0.99813837
0.0078754, 0.54949567
-0.44580299, 0.39394701, 0.220147
-0.99893183, 0.04535051, 0.00482192
0.3906672, 0.50380528
-0.43653736, 0.53128397, 0.45306307
-0.9655751, 0.25986511, 0.01037629
0.44553995, 0.50621483
-0.44018883, 0.53122336, 0.22594059
-0.96353036, 0.26752526, 0.00491348
0.39043573, 0.50698987
-0.43359947, 0.53134185, 0.64120305
-0.96618551, 0.25751519, 0.01098666
0.51225108, 0.50621483
-0.44580299, 0.39404801, 0.59072298
-0.99606311, 0.0885342, 0.0
0.49308541, 0.50380528
-0.44580299, 0.39404801, 0.65886045
-0.99581897, 0.09128086, 0.0019837
0.51191694, 0.50380525
-0.44580299, 0.026505, -0.33396599
-1.0, 0.0, 0.0
0.23730823, 0.1063323
-0.44580299, -0.430547, -0.332555
-1.0, 0.0, 0.0
0.2377024, 0.23339599
-0.44580299, 0.026455, 0.222214
-1.0, 0.0, 0.0
0.39279947, 0.10634613
-0.44580299, 0.394007, -0.336032
-1.0, 0.0, 0.0
0.23673046, 0.00416422
-0.43998429, 0.53125519, -0.0643839
-0.9635914, 0.26722008, -0.00524918
0.31396595, 0.50660232
-0.44580299, 0.39397699, -0.05794249
-0.99887079, 0.04684591, -0.00564592
0.31380984, 0.50380525
-0.397268, 0.6086871, -0.33605999
-0.54448074, 0.83874017, -0.00622578
0.2369449, 0.51691717
-0.397268, 0.60865706, -0.05797
-0.52729881, 0.84966582, -3.052e-05
0.31380224, 0.5169172
-0.397268, 0.60862702, 0.22012
-0.52656639, 0.85012358, -3.052e-05
0.3906596, 0.5169172
-0.44580299, -0.46574101, -0.33253801
-1.0, 0.0, 0.0
0.23770744, 0.24318016
-0.44580299, -0.430417, -0.372453
-1.0, 0.0, 0.0
0.22654814, 0.23335981
-0.44580299, -0.325082, -0.412301
0.0, -0.5764336, -0.81710255
0.66444641, 0.8016258
-0.23545399, -0.325082, -0.412301
0.0, -0.5764336, -0.81710255
0.66444641, 0.8457029
-0.44580299, -0.325082, -0.412301
-1.0, 0.0, 0.0
0.21540785, 0.20407581
-0.44580299, -0.25734499, -0.49212301
0.0, -0.91366315, -0.4064455
0.64760327, 0.8016258
-0.23545399, -0.25734499, -0.49212301
0.0, -0.91366315, -0.4064455
0.64760327, 0.8457029
-0.44580299, -0.25734499, -0.49212301
-0.99996948, 0.0, 0.0
0.19309205, 0.18524456
-0.23545399, -0.24345399, -0.59559202
0.0, -0.99108857, -0.13306069
0.62577039, 0.8457029
-0.44580299, -0.243074, -0.59842199
0.0, -0.99136329, 0.13107699
0.62517297, 0.8016258
-0.23545399, -0.243074, -0.59842199
0.0, -0.99136329, 0.13107699
0.62517321, 0.8457029
-0.44580299, 0.026505, -1.08620501
-1.0, 0.0, 0.0
0.02700454, 0.1063323
-0.44580299, -0.243074, -0.59842199
-1.0, 0.0, 0.0
0.16337395, 0.18127692
-0.44580299, 0.389465, -1.08827102
-1.0, 0.0, 0.0
0.02642673, 0.005427
-0.44580299, 0.394007, -0.336032
-0.99679554, 0.0794702, -0.00463881
0.2369525, 0.50380519
-0.43066108, 0.52898479, -0.72624725
-0.96728414, 0.25354779, -0.00665304
0.1332653, 0.50698981
-0.44580299, 0.39195365, -0.71215153
-0.99374372, 0.11142308, -0.00299081
0.1330021, 0.50380519
-0.39726701, 0.60414505, -1.08191502
-0.57805109, 0.81594288, -0.00769066
0.02527172, 0.51630196
-0.39726752, 0.60641611, -0.70898747
-0.56590474, 0.82439649, -0.00827052
0.13387668, 0.51691717
-0.44580299, -0.28486899, -0.69827402
0.0, -0.71883297, 0.69515061
0.60410333, 0.8016258
-0.23545399, -0.28486899, -0.69827402
0.00057985, -0.71929073, 0.69466233
0.60410333, 0.8457029
-0.44580299, -0.28486899, -0.69827402
-1.0, 0.0, 0.0
0.13545847, 0.1928966
-0.44580299, -0.44877201, -0.77342999
0.00091556, -0.41776788, 0.90853602
0.58824462, 0.8016258
-0.23545399, -0.44877201, -0.77390301
0.00201422, -0.4189581, 0.9079867
0.58814472, 0.8457029
-0.44580299, -0.44877201, -0.77342999
-1.0, 0.0, 0.0
0.11444717, 0.23846245
-0.44580299, -0.44988999, -1.13833904
0.00094607, -0.99996948, 0.00250252
0.51124477, 0.8016258
-0.44580299, -0.44933701, -0.77342999
0.00347911, -0.7066561, 0.70751059
0.58824462, 0.8016258
-0.44580299, -0.318661, -1.08562803
-1.0, 0.0, 0.0
0.02716577, 0.20229089
-0.44580299, -0.44933701, -0.77342999
-1.0, 0.0, 0.0
0.11444717, 0.23861957
-0.44580299, -0.44988999, -1.13833904
-1.0, 0.0, 0.0
0.01242923, 0.23877323
-0.23545399, -0.44474399, 0.752321
-1.0, 0.0, 0.0
0.91019422, 0.8457029
-0.23545399, -0.456846, -0.57860202
-1.0, 0.0, 0.0
0.62935549, 0.84570289
-0.42849803, 0.527821, -1.08758378
-0.03103732, 0.0458388, -0.99844354
0.0076215, 0.51688951
-0.44507828, 0.389465, -1.08827102
-0.04815821, 0.00393689, -0.99880975
0.76019686, 0.26905984
-0.212547, 0.026505, -1.09904301
-0.05340739, -0.00180059, -0.99856561
0.8216961, 0.36686701
-0.44580299, 0.026505, -1.08620501
-0.0553911, -0.00308237, -0.99844354
0.76019686, 0.36686701
-0.32876265, 0.389465, -1.09369552
-0.04379406, 0.011536, -0.99896234
0.7909596, 0.26905984
-0.212447, 0.389465, -1.09912002
-0.04651021, 0.02002014, -0.99868768
0.82172227, 0.26905984
-0.212547, -0.31861401, -1.09904301
-0.05645924, -0.00100711, -0.99838251
0.8216961, 0.45986658
-0.44580299, -0.318661, -1.08562803
-0.05740532, -0.001648, -0.99832147
0.76019686, 0.45987928
-0.44580299, -0.332553, -1.13842905
-0.03656118, 0.61867124, -0.78478348
0.76019686, 0.46362293
-0.44580299, -0.44988999, -1.13833904
-0.04641865, -0.00076296, -0.99890131
0.76019686, 0.4952417
-0.44580299, -0.332553, -1.13842905
-0.99996948, 0.0, 0.0
0.01240414, 0.20615304
0.0, -0.31856501, -1.10634696
0.0, 0.96697897, -0.25479904
0.8777352, 0.45985359
0.44580299, -0.332553, -1.13842905
1.0, 0.0, 0.0
0.01250875, 0.45816046
0.0, -0.240945, 0.68018103
0.03125095, 0.41505173, -0.90923798
0.1220724, 0.92701321
0.42134401, -0.240945, 0.68018103
-0.61046177, 0.28751487, -0.7379986
0.22737131, 0.9270132
0.42134401, -0.30304, 0.58420599
-0.31119725, 0.64998323, -0.69328898
0.22737131, 0.8930058
0.42134401, 0.02716, 0.58357602
-0.36246833, -0.31592762, -0.87679678
0.22737131, 0.8927827
0.375471, 0.42269596, 0.64799702
-0.42872402, -0.87908566, -0.20816675
0.2159071, 0.9156092
0.0, 0.439347, 0.231353
0.0, -1.0, 0.00021363
0.1220724, 0.7679781
0.37547201, 0.4226, 0.231353
-0.54448074, -0.83874017, 0.00018311
0.2159071, 0.767978
0.0, 0.43944296, 0.658575
0.0, -0.92788476, -0.37281412
0.1220724, 0.9193572
0.44580299, 0.347179, 0.73942798
-0.46952727, -0.81600392, -0.33704641
0.23348381, 0.9480062
0.0, 0.347179, 0.751926
0.0, -0.71123385, -0.70293283
0.1220724, 0.9511966
0.42134401, 0.33087301, 0.2314
-0.89437544, -0.44727927, 9.156e-05
0.22737131, 0.7679946
0.42134401, 0.33096901, 0.581644
-0.87548447, -0.47972044, 0.05792413
0.22737131, 0.8920981
-0.42134401, -0.30304, 0.58420599
0.31119725, 0.64998323, -0.69328898
0.01677362, 0.893006
-0.42134401, -0.240945, 0.68018103
0.59031951, 0.25797296, -0.76479387
0.01677362, 0.9270132
-0.42134401, 0.02716, 0.58357602
0.27683339, -0.24277474, -0.92971587
0.01677362, 0.89278271
-0.37547201, 0.42269596, 0.64799702
0.42872402, -0.87908566, -0.20816675
0.02823757, 0.9156092
-0.37547201, 0.4226, 0.231353
0.54448074, -0.83874017, 0.00018311
0.02823757, 0.7679781
-0.42134401, -0.40312901, 0.52824599
0.0, 0.48799098, -0.87282938
0.01677362, 0.8731775
0.42134401, -0.40312901, 0.52824599
0.0, 0.48799098, -0.87282938
0.22737131, 0.87317739
-0.44580299, 0.347179, 0.73942697
0.46955779, -0.81600392, -0.33704641
0.01066101, 0.9480063
-0.42134401, 0.33087301, 0.2314
0.89437544, -0.44727927, 9.156e-05
0.01677362, 0.76799481
-0.42134401, 0.33096901, 0.581644
0.87548447, -0.47972044, 0.05792413
0.01677362, 0.8920981
0.305399, 0.02681, 0.84152299
-0.00402844, 0.99996948, -0.00045778
0.1984663, 0.9839714
0.44580299, 0.027402, 0.83782798
-0.00421155, 0.99996948, -0.00051881
0.23348381, 0.9828727
-0.30540001, 0.026796, 0.841609
0.00222785, 0.99996948, 0.00177007
0.04563798, 0.9838918
0.0, 0.02704, 0.65478802
0.00155644, 0.99996948, 0.00613422
0.1220724, 0.9180154
0.0, 0.025607, 0.84901899
0.00146489, 0.99996948, 0.00601215
0.1220724, 0.9868383
0.44580299, -0.323634, 0.59345597
0.53514206, 0.27713859, -0.79796749
0.23348381, 0.8962836
0.44580299, 0.025734, 0.59279001
0.35230568, -0.0037843, -0.93585008
0.23348381, 0.89604739
0.44580299, 0.347179, 0.59074497
0.59590441, -0.59868163, -0.53517258
0.23348381, 0.895323
0.44580299, 0.347078, 0.22017001
0.62349313, -0.57094026, 0.53407389
0.23348381, 0.76401539
0.42134401, 0.027841, 0.23333199
0.41398358, 0.00433363, 0.91024506
0.22737129, 0.76867931
0.44580299, 0.026455, 0.222214
0.41398358, 0.00424207, 0.91024506
0.23348381, 0.76473992
0.42134401, -0.19836099, 0.23402999
0.41392255, 0.0028077, 0.91027558
0.22737129, 0.76892669
0.42134401, -0.404145, 0.23466501
0.6860866, 0.37376019, 0.62413406
0.22737131, 0.7691517
0.44580299, -0.43060699, 0.223625
0.746086, 0.51203954, 0.42561114
0.23348381, 0.7652397
0.44580299, -0.429533, 0.53424799
0.73107088, 0.60591447, -0.3136082
0.23348381, 0.87530401
-0.44580299, 0.025734, 0.59279001
-0.35230568, -0.0037843, -0.93585008
0.01066101, 0.8960475
-0.44580299, -0.323634, 0.59345597
-0.53514206, 0.27713859, -0.79796749
0.01066101, 0.8962836
-0.44580299, -0.429533, 0.53424799
-0.73107088, 0.60591447, -0.3136082
0.01066101, 0.87530401
-0.42134401, -0.404145, 0.23466501
-0.68611711, 0.37376019, 0.62410355
0.01677362, 0.7691517
-0.44580299, -0.43060699, 0.22362401
-0.746086, 0.51200902, 0.42561114
0.01066101, 0.7652397
-0.42134401, 0.027841, 0.23333199
-0.41398358, 0.00433363, 0.91024506
0.01677362, 0.7686794
-0.44580299, 0.026455, 0.222214
-0.41398358, 0.00424207, 0.91024506
0.01066101, 0.76473992
-0.42134401, -0.199783, 0.234034
-0.41392255, 0.00277718, 0.91027558
0.01677362, 0.7689283
-0.44580299, 0.347078, 0.22016899
-0.62349313, -0.57094026, 0.53407389
0.01066101, 0.76401539
-0.44580299, 0.347179, 0.59074497
-0.59590441, -0.59868163, -0.53517258
0.01066101, 0.895323
0.42134401, -0.19836099, 0.23402999
0.69093907, 0.72136599, 0.04690695
0.44481209, 0.8990939
-0.42134401, -0.214307, 0.475348
-0.59721673, 0.6239509, 0.50395215
0.28239399, 0.9456973
0.42134401, -0.214307, 0.475348
0.59730828, 0.62269968, 0.50541705
0.44481009, 0.9457058
-0.42134401, -0.199783, 0.234034
-0.69304484, 0.71956539, 0.04330577
0.28239611, 0.8991036
0.42134401, 0.027841, 0.23333199
0.0, 0.00308237, 0.99996948
0.44488299, 0.8554965
-0.42134401, 0.027841, 0.23333199
0.0, 0.00308237, 0.99996948
0.28246731, 0.8552324
-0.42134401, 0.027841, 0.23333199
0.0, 0.00634785, 0.99996948
0.25818869, 0.83197699
0.42134401, 0.33087301, 0.2314
0.0, 0.00634785, 0.99996948
0.43608379, 0.7674149
-0.42134401, 0.33087301, 0.2314
0.0, 0.00634785, 0.99996948
0.25818861, 0.7674187
0.42134401, 0.027841, 0.23333199
0.0, 0.00634785, 0.99996948
0.43608379, 0.83197311
0.42134401, -0.40312901, 0.52824599
1.0, 0.0, 0.0
0.48045129, 0.9582797
0.42134401, -0.404145, 0.23466501
1.0, 0.0, 0.0
0.48437929, 0.9018324
-0.42134401, -0.404145, 0.23466501
-1.0, 0.0, 0.0
0.2430867, 0.9015893
-0.42134401, -0.40312901, 0.52824599
-1.0, 0.0, 0.0
0.2466789, 0.958059
-0.42134401, -0.40312901, 0.52824599
0.0, 0.2697531, 0.96292001
0.2823922, 0.9834913
0.42134401, -0.40312901, 0.52824599
0.0, 0.2697531, 0.96292001
0.44480819, 0.9834996
0.140882, 0.09018999, 0.58496499
-0.49998474, 0.81194496, 0.30118716
0.68340617, 0.02723956
0.248353, 0.068801, 0.59099299
-0.10150456, -0.50538653, 0.85686821
0.71096307, 0.02853596
0.25872099, 0.09018999, 0.58496499
0.49998474, 0.81194496, 0.30118716
0.7136215, 0.02723956
0.15125, 0.068801, 0.59099299
0.10150456, -0.50538653, 0.85686821
0.6860646, 0.02853596
0.248353, 0.077907, 0.56644702
-0.10150456, 0.17569506, -0.97918636
0.71096307, 0.02325714
0.15125, 0.077907, 0.56644702
0.10150456, 0.17569506, -0.97918636
0.6860646, 0.02325737
0.29690501, -0.010043, 0.561746
-0.20300913, -0.34052554, 0.91802728
0.72341228, 0.02224648
0.31764001, -0.00549, 0.54947299
0.99996948, 0.0, 0.0
0.72872913, 0.01960707
0.29690501, -0.000937, 0.53719902
-0.20297861, 0.34052554, -0.91802728
0.72341228, 0.01696765
0.248353, -0.088887, 0.53249902
-0.10147405, -0.17569506, 0.97918636
0.71096307, 0.01595688
0.25872001, -0.10117, 0.51397997
0.49998474, -0.81194496, -0.30118716
0.7136215, 0.01197445
0.248353, -0.079781, 0.50795197
-0.10147405, 0.50538653, -0.85689873
0.71096307, 0.01067805
0.15125, -0.088887, 0.53249902
0.10150456, -0.17569506, 0.97918636
0.6860646, 0.01595688
0.140882, -0.10117, 0.51397997
-0.49998474, -0.81194496, -0.30118716
0.68340617, 0.01197445
0.15125, -0.079781, 0.50795197
0.10150456, 0.50538653, -0.85689873
0.6860646, 0.01067805
0.102698, -0.010043, 0.561746
0.20300913, -0.34052554, 0.91802728
0.67361528, 0.02224648
0.081963, -0.00549, 0.54947299
-1.0, 0.0, 0.0
0.66829848, 0.01960707
0.102698, -0.000937, 0.53719902
0.20297861, 0.34052554, -0.91802728
0.67361528, 0.01696765
0.185846, -0.091277, 0.78421098
-0.8164922, -0.19806513, 0.54228342
0.69493562, 0.07008708
0.21353699, -0.091277, 0.78421098
0.8164922, -0.19806513, 0.54228342
0.70203573, 0.07008708
0.199691, -0.078272, 0.78896099
0.0, 0.56883448, 0.82241279
0.69848567, 0.07110858
0.199691, -0.104281, 0.77946103
0.0, -0.96499527, 0.26215398
0.69848567, 0.06906569
0.185847, -0.004412, 0.54639101
-0.8164922, 0.19806513, -0.54228342
0.69493562, 0.01894438
0.21353699, -0.004412, 0.54639101
0.8164922, 0.19806513, -0.54228342
0.70203573, 0.01894438
0.199692, -0.017417, 0.541641
0.0, -0.56883448, -0.82241279
0.69848567, 0.01792276
0.199692, 0.008593, 0.55114102
0.0, 0.96499527, -0.26215398
0.69848567, 0.01996577
-0.42134401, 0.02716, 0.58357602
0.99340802, 0.02105777, 0.1126133
0.49382555, 0.10615015
-0.42134401, 0.33096901, 0.581644
0.98818934, 0.00094607, 0.15308085
0.49328536, 0.02168906
0.42134401, 0.02716, 0.58357602
-0.99340802, 0.02105777, 0.1126133
0.49393016, 0.35815781
0.42134401, 0.33096901, 0.581644
-0.98818934, 0.00094607, 0.15308085
0.49338996, 0.27369672
0.44580299, 0.38926473, -1.08827102
1.0, 0.0, 0.0
0.02653134, 0.25743443
0.200792, 0.37093499, -1.07316804
-0.04330577, -0.05255287, 0.99765009
0.98305959, 0.61530241
0.42134401, 0.37093499, -1.06291401
-0.04840235, -0.00747703, 0.99877924
0.98059839, 0.61530247
0.0, 0.43511102, -1.07649601
0.0, 0.03558458, 0.99935913
0.98385829, 0.59986031
0.42134401, -0.31763199, 0.203398
-1.0, 0.0, 0.0
0.67665952, 0.780985
0.42134401, 0.37517101, 0.20081501
-1.0, 0.0, 0.0
0.67727947, 0.6142832
0.42134401, -0.318519, -0.404567
-1.0, 0.0, 0.0
0.82258248, 0.7811984
0.222536, -0.318519, -0.404567
-0.10690634, 0.98199409, 0.15561388
0.8225823, 0.7811984
0.42134401, -0.19885699, -0.56222701
0.0, 0.9980163, 0.06256294
0.86042422, 0.75240548
0.222536, -0.19885699, -0.56222701
0.00030519, 0.9980163, 0.06280709
0.86042398, 0.75240548
0.0, 0.439347, 0.20078801
0.0, -0.99996948, 0.003296
0.67728567, 0.59884101
0.42134401, -0.31852201, -0.769315
0.0003357, 0.9660024, -0.25846127
0.91012907, 0.7811992
0.222536, -0.31852201, -0.76981097
-0.0847499, 0.98828089, -0.12674338
0.91024798, 0.7811992
0.42134401, -0.31813699, -1.06041598
-1.0, 0.0, 0.0
0.97999883, 0.7811065
0.200886, -0.318093, -1.07309604
-0.0552385, 0.00289926, 0.99844354
0.98304218, 0.7810957
-0.200791, 0.37093499, -1.07316804
0.04330577, -0.05255287, 0.99765009
0.98305959, 0.61530241
-0.42134401, -0.31763199, 0.203398
1.0, 0.0, 0.0
0.67665952, 0.78098489
-0.42134401, -0.318519, -0.404567
1.0, 0.0, 0.0
0.82258248, 0.7811984
-0.42134401, 0.37517101, 0.20081399
1.0, 0.0, 0.0
0.67727947, 0.61428311
-0.222536, -0.318519, -0.404567
0.10705893, 0.98190254, 0.15604115
0.82258242, 0.7811984
-0.42134401, -0.19885699, -0.56222802
0.00158696, 0.99813837, 0.06088443
0.86042398, 0.75240548
-0.222536, -0.199037, -0.56074399
-0.00109867, 0.99765009, 0.06817835
0.86006802, 0.75244869
-0.42134401, 0.37093499, -1.06291497
1.0, 0.0, 0.0
0.98059839, 0.61530241
-0.42134401, -0.31852201, -0.769315
0.00128178, 0.86715293, -0.49800104
0.91012907, 0.7811992
-0.222536, -0.31852201, -0.76981097
0.08410901, 0.988464, -0.12588885
0.91024798, 0.7811992
-0.42134401, -0.31813699, -1.06041598
0.99996948, 0.0, 0.00021363
0.97999883, 0.7811064
-0.200886, -0.318093, -1.07309604
0.0552385, 0.00289926, 0.99844354
0.98304218, 0.7810957
0.0, 0.38976014, -1.10899794
-0.00024415, -0.87884152, -0.47709587
0.9916594, 0.61084369
0.212448, 0.38914138, -1.09912097
-0.5002594, -0.58699304, -0.63646352
0.98928869, 0.61084369
-0.212447, 0.39014727, -1.09912097
0.48765525, -0.58250678, -0.65025789
0.98928869, 0.61084369
-0.212547, 0.026505, -1.09904397
0.91131324, -0.00015259, -0.41166419
0.98927039, 0.6981788
-0.212547, -0.31861401, -1.09904397
0.91210669, 0.0, -0.40989411
0.98927033, 0.7812212
0.0, -0.31856501, -1.10634696
0.0, 0.99987793, -0.01464888
0.99102324, 0.78120951
0.212547, -0.31861401, -1.09904397
0.00088504, 0.99978638, -0.01965392
0.98927033, 0.7812212
0.212547, 0.026505, -1.09904397
-0.91131324, -0.00015259, -0.41163367
0.98927021, 0.6981788
-0.46189299, -0.45900699, 1.15578401
0.0, -0.99996948, 0.0
0.9973852, 0.24076629
0.46189299, -0.45900699, 1.04325902
0.0, -0.99996948, 0.0
0.76109332, 0.24076629
0.46189299, -0.45900699, 1.15578401
0.0, -1.0, 0.0
0.76109332, 0.24076629
-0.46189299, -0.45900699, 1.04325902
0.0, -1.0, 0.0
0.9973852, 0.24076629
-0.46189299, -0.33453101, 1.15578401
0.0, 0.99996948, 0.0
0.9973852, 0.20813429
0.46189299, -0.33453101, 1.04325902
0.0, 0.99996948, 0.0
0.76109332, 0.20813429
-0.46189299, -0.33453101, 1.04325902
0.0, 1.0, 0.0
0.9973852, 0.20813429
0.46189299, -0.33453101, 1.15578401
0.0, 1.0, 0.0
0.76109332, 0.20813429
0.44074899, 0.34402099, 0.62761599
0.0, -0.70708334, 0.70708334
0.73306632, 0.53095639
0.53178799, 0.35892999, 0.62761599
0.57734919, 0.57734919, 0.57734919
0.73578411, 0.5021601
0.44074899, 0.35892999, 0.62761599
0.0, 0.70708334, 0.70708334
0.73578423, 0.53095639
0.516213, 0.34402099, 0.62761599
-0.30149236, -0.30149236, 0.90450758
0.73306608, 0.5213128
0.53178799, 0.35892999, 0.61316901
0.57734919, 0.57734919, -0.57734919
0.73578411, 0.5021601
0.44074899, 0.35892999, 0.61316901
0.0, 0.70708334, -0.70708334
0.73578423, 0.53095639
0.516213, 0.34402099, 0.61316901
-0.30149236, -0.30149236, -0.90450758
0.73306608, 0.5213128
0.44074899, 0.34402099, 0.61316901
0.0, -0.70708334, -0.70708334
0.73306632, 0.53095639
0.53178698, 0.015528, 0.61316901
0.57734919, -0.57734919, -0.57734919
0.66695982, 0.50216031
0.53178698, 0.015528, 0.62761599
0.57734919, -0.57734919, 0.57734919
0.66695982, 0.50216031
0.51621199, 0.027901, 0.61316901
-0.30149236, 0.30149236, -0.90450758
0.6692155, 0.52131292
0.51621199, 0.027901, 0.62761599
-0.30149236, 0.30149236, 0.90450758
0.6692155, 0.52131292
0.44161001, 0.027901, 0.62761599
0.0, 0.70708334, 0.70711386
0.6692155, 0.53080121
0.44161001, 0.027901, 0.61316901
0.0, 0.70708334, -0.70711386
0.6692155, 0.53080121
0.441609, 0.015528, 0.62761599
0.0, -0.70711386, 0.70708334
0.66695994, 0.53080139
0.441609, 0.015528, 0.61316901
0.0, -0.70711386, -0.70708334
0.66695994, 0.53080139
-0.44074899, 0.34402099, 0.62761599
0.0, -0.70708334, 0.70708334
0.73306632, 0.53095639
-0.53178799, 0.35892999, 0.62761599
-0.57734919, 0.57734919, 0.57734919
0.73578411, 0.5021601
-0.516213, 0.34402099, 0.62761599
0.30149236, -0.30149236, 0.90450758
0.73306608, 0.5213128
-0.44074899, 0.35892999, 0.62761599
0.0, 0.70708334, 0.70708334
0.73578423, 0.53095639
-0.53178799, 0.35892999, 0.61316901
-0.57734919, 0.57734919, -0.57734919
0.73578411, 0.5021601
-0.44074899, 0.35892999, 0.61316901
0.0, 0.70708334, -0.70708334
0.73578423, 0.53095639
-0.516213, 0.34402099, 0.61316901
0.30149236, -0.30149236, -0.90450758
0.73306608, 0.5213128
-0.44074899, 0.34402099, 0.61316901
0.0, -0.70708334, -0.70708334
0.73306632, 0.53095639
-0.53178698, 0.015528, 0.61316901
-0.57734919, -0.57734919, -0.57734919
0.66695982, 0.50216031
-0.53178698, 0.015528, 0.62761599
-0.57734919, -0.57734919, 0.57734919
0.66695982, 0.50216031
-0.516213, 0.027901, 0.61316901
0.30149236, 0.30149236, -0.90450758
0.6692155, 0.52131292
-0.516213, 0.027901, 0.62761599
0.30149236, 0.30149236, 0.90450758
0.6692155, 0.52131292
-0.44161001, 0.027901, 0.62761599
0.0, 0.70708334, 0.70711386
0.6692155, 0.53080121
-0.44161001, 0.027901, 0.61316901
0.0, 0.70708334, -0.70711386
0.6692155, 0.53080121
-0.441609, 0.015528, 0.62761599
0.0, -0.70711386, 0.70708334
0.66695994, 0.53080139
-0.441609, 0.015528, 0.61316901
0.0, -0.70711386, -0.70708334
0.66695994, 0.53080139
0.56445301, 0.052292, 0.58427298
-0.21500289, 0.0, -0.9765923
0.67771947, 0.5479846
0.471542, 0.21793801, 0.60473001
-0.21500289, 0.0, -0.9765923
0.72823489, 0.58536601
0.56445301, 0.21793801, 0.58427298
-0.21500289, 0.0, -0.9765923
0.72823489, 0.5479846
0.471542, 0.052292, 0.60473001
-0.21500289, 0.0, -0.9765923
0.67771947, 0.58536601
0.56445301, 0.052292, 0.58427298
0.46324044, -0.23557237, 0.85430461
0.75195873, 0.58505991
0.52247202, 0.08053, 0.614824
0.21045564, -0.20505387, 0.95583969
0.76841152, 0.57667181
0.471542, 0.052292, 0.60473001
-0.06158635, -0.23557237, 0.96987826
0.78837162, 0.58505991
0.52247202, 0.18970099, 0.614824
0.21045564, 0.20505387, 0.95583969
0.76841152, 0.5442417
0.471542, 0.21793801, 0.60473001
-0.06158635, 0.23560289, 0.96987826
0.78837162, 0.53585339
0.56445301, 0.21793801, 0.58427298
0.46324044, 0.23557237, 0.85430461
0.75195867, 0.53585339
-0.56445301, 0.052292, 0.58427298
0.21500289, 0.0, -0.9765923
0.67771947, 0.5479846
-0.47154301, 0.21793801, 0.60473001
0.21500289, 0.0, -0.9765923
0.72823489, 0.58536601
-0.47154301, 0.052292, 0.60473001
0.21500289, 0.0, -0.9765923
0.67771947, 0.58536601
-0.56445301, 0.21793801, 0.58427298
0.21500289, 0.0, -0.9765923
0.72823489, 0.5479846
-0.56445301, 0.052292, 0.58427298
-0.46324044, -0.23557237, 0.85433513
0.75195873, 0.58505991
-0.47154301, 0.052292, 0.60473001
0.06155583, -0.23557237, 0.96987826
0.78837162, 0.58505991
-0.52247202, 0.08053, 0.61482298
-0.21045564, -0.20505387, 0.95583969
0.76841152, 0.57667181
-0.52247202, 0.18970099, 0.61482298
-0.21045564, 0.20505387, 0.95583969
0.76841152, 0.5442417
-0.47154301, 0.21793801, 0.60473001
0.06158635, 0.23557237, 0.96987826
0.78837162, 0.53585339
-0.56445301, 0.21793801, 0.58427298
-0.46324044, 0.23557237, 0.85433513
0.75195867, 0.53585339
0.0, 0.026505, -1.10693204
-0.03863643, -0.00186163, -0.99923706
0.87808436, 0.36691147
0.0, 0.38959521, -1.10899794
-0.04641865, -0.00567644, -0.99890131
0.8777352, 0.26905978
0.0, -0.31287, -1.07497597
0.03787347, 0.00054933, 0.99926758
0.8777352, 0.45985359
-0.197855, 0.026615, -1.06767297
0.03930784, 0.00067141, 0.99920654
0.82169598, 0.36686701
-0.197855, -0.31291801, -1.06767297
0.03686636, 0.0, 0.9992981
0.82169598, 0.45986658
0.0, 0.026615, -1.07555997
0.04144414, 0.00186163, 0.99911499
0.87808436, 0.36691147
-0.19775499, 0.37781501, -1.06774998
0.04657125, 0.00399792, 0.99890131
0.82172239, 0.26905978
0.0, 0.37781501, -1.07762694
0.04986724, 0.00585955, 0.9987182
0.8777352, 0.26905978
-0.212447, 0.39019993, -1.09912097
-0.90554523, 0.0003357, 0.42420727
0.82172239, 0.26905978
-0.21296448, 0.39019898, -1.09899521
0.01806696, 0.93264568, 0.36030152
0.82172239, 0.26905978
0.0, 0.3898063, -1.10899794
0.0184637, 0.9338969, 0.35697502
0.8777352, 0.26905978
0.0, 0.39031824, -1.10899794
1.0, 0.0, 0.0
0.8777352, 0.26905978
0.21245462, 0.38909093, -1.09913898
0.04321421, -0.00384533, -0.99905396
0.93374795, 0.26905978
0.191102, 0.026614, -1.06767297
-0.04071169, 0.00067141, 0.99914551
0.93377429, 0.36686701
0.191102, -0.312922, -1.06767297
-0.03817866, 0.0, 0.99926758
0.93377429, 0.45986658
0.191002, 0.37781399, -1.06774998
-0.0483108, 0.00405896, 0.99880975
0.93374795, 0.26905978
0.212448, 0.38919234, -1.09912097
-0.01364177, 0.9429304, 0.33265176
0.93374795, 0.26905978
0.212448, 0.38943109, -1.09912097
0.82546467, 0.0003357, 0.56440932
0.93374795, 0.26905978
0.305399, 0.02681, 0.84152299
0.00912503, 0.89471114, 0.44651631
0.80180043, 0.10255599
0.44580299, 0.027402, 0.83782798
0.00796533, 0.894467, 0.44700462
0.76651895, 0.10186642
-0.44580299, 0.027402, 0.83782798
0.00430311, 0.99996948, -0.00051881
0.01066101, 0.9828727
-0.22497299, -0.109826, 1.11795795
0.02111881, -0.92355114, -0.3828547
0.64946836, 0.55946565
0.0, -0.00268, 0.87191403
-0.00546281, -0.92226934, -0.38642538
0.56099427, 0.63560653
0.0, -0.109826, 1.12360597
-0.00564592, -0.9223609, -0.38621172
0.65123129, 0.63537335
-0.24889599, -0.009002, 0.86492199
0.03399762, -0.92730492, -0.37269205
0.55998087, 0.55162787
0.248895, -0.009002, 0.86492199
-0.02307199, -0.92376477, -0.38224432
0.5603655, 0.71959823
0.233593, -0.109826, 1.11774194
-0.00930815, -0.92861718, -0.37089145
0.6497618, 0.71420044
0.305399, 0.02681, 0.84152299
0.41102329, -0.85503709, -0.31611073
0.55469763, 0.73829842
0.0, 0.025607, 0.84901899
-0.00970489, -0.62392038, -0.78139591
0.55678892, 0.6352402
-0.30540001, 0.026796, 0.841609
0.03323466, -0.52803123, -0.84853661
0.55425251, 0.53219539
-0.44580299, -0.32470801, 0.22288001
-1.0, 0.0, 0.0
0.39310056, 0.20335686
-0.425028, -0.323634, 0.58385599
1.0, 0.0, 0.0
0.74215311, 0.44420153
-0.425028, 0.026455, 0.231038
1.0, 0.0, 0.0
0.6643284, 0.36698937
-0.425028, 0.025734, 0.58322299
1.0, 0.0, 0.0
0.74201351, 0.3671484
-0.425028, -0.32470801, 0.23167101
1.0, 0.0, 0.0
0.66446811, 0.44443852
-0.425028, -0.425834, 0.232379
0.99996948, 0.0, 0.0
0.66462409, 0.46674192
-0.425028, -0.42476001, 0.52758598
1.0, 0.0, 0.0
0.72974098, 0.46650487
-0.425028, 0.026455, 0.231038
0.99996948, 0.0, 0.0
0.39279947, 0.10634613
-0.425028, 0.33981401, 0.58127999
1.0, 0.0, 0.0
0.49582997, 0.01718247
-0.425028, 0.025734, 0.58322299
1.0, 0.0, 0.0
0.49640155, 0.10654652
-0.425028, 0.33971199, 0.229095
1.0, 0.0, 0.0
0.39222795, 0.0172106
-0.44580299, -0.323634, 0.59345597
0.40955839, -0.21549119, 0.88644063
0.74427062, 0.44420153
-0.44580299, 0.025734, 0.59279001
0.41822565, 0.00366222, 0.90832239
0.7441237, 0.3671484
-0.425028, 0.33981401, 0.58127999
0.4163335, 0.005768, 0.90917689
0.74158472, 0.29787821
-0.44580299, 0.34718001, 0.59074497
0.41627246, 0.005768, 0.90920746
0.74367279, 0.29625362
-0.425028, 0.33971199, 0.229095
0.33426923, 0.94247264, -0.00024415
0.66389978, 0.2979005
-0.44580299, 0.347078, 0.22017001
0.33426923, 0.94247264, -0.00024415
0.66193098, 0.29627597
-0.44580299, 0.026455, 0.222214
0.39088106, -0.00375378, -0.92040771
0.66238189, 0.36698937
-0.44580299, -0.32470801, 0.22288001
0.38966033, -0.00408948, -0.92092657
0.66252899, 0.44443852
-0.44580299, -0.43060699, 0.223625
0.38953826, -0.00646992, -0.92095709
0.66269308, 0.46779448
-0.44580299, -0.429533, 0.53424799
0.22492142, -0.97436446, 0.00335704
0.73121041, 0.46755749
0.44580299, -0.32470801, 0.222881
1.0, 0.0, 0.0
0.39320627, 0.45573205
0.425028, -0.323634, 0.58385599
-1.0, 0.0, 0.0
0.74443167, 0.24526387
0.425028, 0.026455, 0.231038
-1.0, 0.0, 0.0
0.66836911, 0.16801077
0.425028, -0.32470801, 0.231672
-1.0, 0.0, 0.0
0.66850561, 0.24550098
0.425028, 0.025734, 0.58322299
-1.0, 0.0, 0.0
0.74429518, 0.1681698
0.425028, -0.425834, 0.232379
-0.99996948, 0.0, 0.0
0.66865808, 0.26781613
0.425028, -0.42476001, 0.52758598
-1.0, 0.0, 0.0
0.73230082, 0.26757908
0.425028, 0.026455, 0.231038
-0.99996948, 0.0, 0.0
0.39290407, 0.35715955
0.425028, 0.33981401, 0.58127999
-1.0, 0.0, 0.0
0.49593458, 0.26799595
0.425028, 0.33971199, 0.229095
-1.0, 0.0, 0.0
0.39233255, 0.26802421
0.425028, 0.025734, 0.58322299
-1.0, 0.0, 0.0
0.49650615, 0.35735983
0.44580299, -0.323634, 0.59345597
-0.40955839, -0.21549119, 0.88644063
0.74650127, 0.24526387
0.44580299, 0.025734, 0.59279001
-0.41822565, 0.00366222, 0.90832239
0.74635768, 0.1681698
0.425028, 0.33981401, 0.58127999
-0.41639453, 0.005768, 0.90914637
0.74387628, 0.09886307
0.44580299, 0.34718001, 0.59074599
-0.41630298, 0.005768, 0.90917689
0.74591702, 0.09723753
0.425028, 0.33971199, 0.229095
-0.33426923, 0.94247264, -0.00024415
0.66795021, 0.09888548
0.44580299, 0.347078, 0.22017001
-0.33426923, 0.94247264, -0.00024415
0.666026, 0.09725982
0.44580299, 0.026455, 0.222214
-0.39088106, -0.00375378, -0.92040771
0.66646677, 0.16801077
0.44580299, -0.32470801, 0.222881
-0.38966033, -0.00408948, -0.92092657
0.66661042, 0.24550098
0.44580299, -0.43060699, 0.223625
-0.38953826, -0.00646992, -0.92095709
0.66677082, 0.26886952
0.44580299, -0.429533, 0.53424799
-0.22492142, -0.97436446, 0.00335704
0.73373687, 0.26863241
0.0, 0.025607, 0.84902
0.0, 0.2890408, 0.9573046
0.87943602, 0.10311949
-1e-06, 0.022323, 0.84739298
-3.052e-05, -0.89608449, -0.44386119
0.87944764, 0.10311961
0.233593, -0.11311, 1.11611605
-0.00927763, -0.89617604, -0.44358653
0.820351, 0.15044558
-1e-06, -0.11311, 1.12197995
0.0, -0.89681691, -0.44233528
0.87941861, 0.15160549
0.30539799, 0.023526, 0.83989698
-0.00738548, -0.89553511, -0.44489884
0.80179, 0.10255051
-0.22497401, -0.11311, 1.11633205
0.00924711, -0.89617604, -0.44355601
0.93634284, 0.15047997
-0.305401, 0.023512, 0.83998299
0.00729392, -0.89553511, -0.44486833
0.95670831, 0.10254592
-0.43529397, 0.53129584, -0.34991586
-0.96551406, 0.26007873, -0.00912503
0.23672105, 0.50660226
-0.42813703, 0.52789974, -1.08686149
-0.96865749, 0.24826807, -0.004944
0.01731857, 0.5060792
-0.44580299, 0.3892709, -1.08827102
-0.99197364, 0.12640767, -0.00088504
0.0130566, 0.50380519
-0.44580299, 0.39399749, 0.40543497
-0.99755853, 0.06967375, 0.00347911
0.44187629, 0.50380528
-0.22290149, 0.39404801, 0.73259348
-0.02639851, 0.09720145, 0.99490339
0.5544436, 0.57268447
0.0, 0.39404801, 0.73818898
0.0, 0.09170812, 0.99575794
0.55505514, 0.635474
0.44587171, 0.39161199, -0.71215153
0.99374372, 0.11157567, -0.00289926
0.1325137, 0.76196988
0.44580299, 0.38933468, -1.08827102
0.99200416, 0.12601092, -0.00091556
0.01740164, 0.76196983
0.44580299, 0.39397699, -0.05794249
0.99887079, 0.04684591, -0.00564592
0.3133215, 0.76196992
0.43270302, 0.53134358, 0.71000385
0.6697287, 0.35608998, 0.65163124
0.54804307, 0.76150215
-0.42849803, 0.527821, -1.08758378
-0.03103732, 0.0458388, -0.99844354
0.76075077, 0.25184005
-0.30485702, 0.53188646, -1.09051752
-0.04040651, 0.04562517, -0.99813837
0.7992034, 0.25184005
-0.1062235, 0.389465, -1.10405898
-0.04660176, 0.02938933, -0.99847406
0.8497287, 0.26905978
0.0, 0.53780276, -1.10581946
3.052e-05, 0.03009125, -0.99954224
0.00778067, 0.63512474
-0.19863351, 0.61271906, -1.092278
-0.05328532, 0.04086429, -0.99771112
0.02530743, 0.57730007
0.0, 0.62157905, -1.10264099
0.0, 0.03790399, -0.99926758
0.02523402, 0.63461697
0.30485749, 0.53238839, -1.09051752
0.04675436, 0.04428236, -0.99789423
0.95811248, 0.25184005
0.212447, 0.389465, -1.09912002
0.04641865, 0.01998962, -0.9987182
0.93374795, 0.26905984
0.42793122, 0.52752191, -1.08509302
0.04596087, 0.04168829, -0.99804682
0.99533468, 0.25184005
-0.20050661, 0.6488269, 0.60425389
-0.62962735, -0.49391156, 0.59962767
0.93954599, 0.76110932
0.19519408, 0.6894663, 0.60425389
0.58449048, 0.5352031, 0.60982084
0.75492716, 0.72492006
-0.20050661, 0.6894663, 0.60425389
-0.58449048, 0.5352031, 0.60982084
0.93954694, 0.72451237
-0.20050661, 0.70099598, 0.51616657
-0.57078767, 0.61711478, -0.54158145
0.94058156, 0.67270991
0.19519408, 0.6894663, 0.60425389
0.58449048, 0.5352031, 0.60982084
0.75490695, 0.72452727
0.19519408, 0.70099598, 0.51616657
0.57078767, 0.61711478, -0.54158145
0.75478774, 0.67334715
0.19519408, 0.6488269, 0.51616657
0.62962735, -0.49391156, -0.59962767
0.75280261, 0.66707057
0.19519408, 0.6894663, 0.60425389
0.58449048, 0.5352031, 0.60982084
0.72873151, 0.72551697
0.19519408, 0.6488269, 0.60425389
0.62962735, -0.49391156, 0.59962767
0.75247329, 0.72431874
0.19519408, 0.6488269, 0.51616657
0.62962735, -0.49391156, -0.59962767
0.75486571, 0.67324066
-0.20050661, 0.70099598, 0.51616657
-0.57078767, 0.61711478, -0.54158145
0.94091374, 0.62913212
0.19519408, 0.70099598, 0.51616657
0.57078767, 0.61711478, -0.54158145
0.75480413, 0.629408
0.0431612, 0.60471869, 0.56440628
0.09060945, -0.92553484, 0.36762595
0.8238197, 0.57203996
-0.04847372, 0.60471869, 0.55601418
-0.09060945, -0.92553484, -0.36762595
0.86221319, 0.54200673
0.0431612, 0.60471869, 0.55601418
0.09060945, -0.92553484, -0.36762595
0.8225432, 0.5432902
-0.20050661, 0.6488269, 0.51616657
-0.62962735, -0.49391156, -0.59962767
0.96678895, 0.66188079
-0.20050661, 0.6894663, 0.60425389
-0.58449048, 0.5352031, 0.60982084
0.9422884, 0.72657889
-0.20050661, 0.70099598, 0.51616657
-0.57078767, 0.61711478, -0.54158145
0.94234216, 0.6619736
0.1937557, 0.64789158, -0.98035204
0.62962735, -0.49391156, -0.59962767
0.75280261, 0.66707057
0.1937557, 0.68853098, -0.89226472
0.58449048, 0.5352031, 0.60982084
0.72873151, 0.72551697
0.1937557, 0.64789158, -0.89226472
0.62962735, -0.49391156, 0.59962767
0.75247329, 0.72431874
-0.20194499, 0.70006067, -0.98035204
-0.57078767, 0.61711478, -0.54158145
0.94058156, 0.67270991
0.1937557, 0.68853098, -0.89226472
0.58449048, 0.5352031, 0.60982084
0.75490695, 0.72452727
0.1937557, 0.70006067, -0.98035204
0.57078767, 0.61711478, -0.54158145
0.75478774, 0.67334715
-0.20194499, 0.64789158, -0.98035204
-0.62962735, -0.49391156, -0.59962767
0.96678895, 0.66188079
-0.20194499, 0.68853098, -0.89226472
-0.58449048, 0.5352031, 0.60982084
0.9422884, 0.72657889
-0.20194499, 0.70006067, -0.98035204
-0.57078767, 0.61711478, -0.54158145
0.94234216, 0.6619736
0.1937557, 0.64789158, -0.98035204
0.62962735, -0.49391156, -0.59962767
0.75486571, 0.67324066
-0.20194499, 0.70006067, -0.98035204
-0.57078767, 0.61711478, -0.54158145
0.94091374, 0.62913212
0.1937557, 0.70006067, -0.98035204
0.57078767, 0.61711478, -0.54158145
0.75480413, 0.629408
-0.20194499, 0.64789158, -0.89226472
-0.62962735, -0.49391156, 0.59962767
0.93954599, 0.76110932
0.1937557, 0.68853098, -0.89226472
0.58449048, 0.5352031, 0.60982084
0.75492716, 0.72492006
-0.20194499, 0.68853098, -0.89226472
-0.58449048, 0.5352031, 0.60982084
0.93954694, 0.72451237
0.04172281, 0.60378337, -0.93211234
0.09060945, -0.92553484, 0.36762595
0.8238197, 0.57203996
-0.0499121, 0.60378337, -0.94050443
-0.09060945, -0.92553484, -0.36762595
0.86221319, 0.54200673
0.04172281, 0.60378337, -0.94050443
0.09060945, -0.92553484, -0.36762595
0.8225432, 0.5432902
0.1937557, 0.64789158, -0.89226472
0.62962735, -0.49391156, 0.59962767
0.80933475, 0.58418438
-0.0499121, 0.60378337, -0.93211234
-0.09060945, -0.92553484, 0.36762595
0.86326444, 0.57297063
-0.20194499, 0.64789158, -0.98035204
-0.62962735, -0.49391156, -0.59962767
0.87947381, 0.52682447
0.1937557, 0.64789158, -0.98035204
0.62962735, -0.49391156, -0.59962767
0.80912256, 0.52674714
-0.20194499, 0.64789158, -0.89226472
-0.62962735, -0.49391156, 0.59962767
0.87933487, 0.58402547
0.19519408, 0.6488269, 0.60425389
0.62962735, -0.49391156, 0.59962767
0.80933475, 0.58418438
-0.04847372, 0.60471869, 0.56440628
-0.09060945, -0.92553484, 0.36762595
0.86326444, 0.57297063
-0.20050661, 0.6488269, 0.51616657
-0.62962735, -0.49391156, -0.59962767
0.87947381, 0.52682447
0.19519408, 0.6488269, 0.51616657
0.62962735, -0.49391156, -0.59962767
0.80912256, 0.52674714
-0.20050661, 0.6488269, 0.60425389
-0.62962735, -0.49391156, 0.59962767
0.87933487, 0.58402547
0.19519408, 0.6488269, 0.60425389
0.62962735, -0.49391156, 0.59962767
0.75507784, 0.76090673
-0.20050661, 0.6894663, 0.60425389
-0.58449048, 0.5352031, 0.60982084
0.9402476, 0.72398865
0.19519408, 0.70099598, 0.51616657
0.57078767, 0.61711478, -0.54158145
0.72762954, 0.66623586
-0.20050661, 0.6488269, 0.51616657
-0.62962735, -0.49391156, -0.59962767
0.94070655, 0.6725429
-0.20050661, 0.6488269, 0.60425389
-0.62962735, -0.49391156, 0.59962767
0.96692097, 0.7258684
0.1937557, 0.70006067, -0.98035204
0.57078767, 0.61711478, -0.54158145
0.72762954, 0.66623586
-0.20194499, 0.68853098, -0.89226472
-0.58449048, 0.5352031, 0.60982084
0.9402476, 0.72398865
-0.20194499, 0.64789158, -0.89226472
-0.62962735, -0.49391156, 0.59962767
0.96692097, 0.7258684
-0.20194499, 0.64789158, -0.98035204
-0.62962735, -0.49391156, -0.59962767
0.94070655, 0.6725429
0.1937557, 0.64789158, -0.89226472
0.62962735, -0.49391156, 0.59962767
0.75507784, 0.76090673
# Number of Faces:
773
# Face Data:
0, 1, 2
1, 0, 3
0, 0, 1
4, 5, 6
5, 4, 5
1, 7, 8
7, 1, 9
9, 10, 7
10, 9, 11
11, 12, 10
12, 11, 13
13, 14, 12
14, 13, 15
16, 17, 18
19, 20, 17
16, 19, 17
19, 21, 20
20, 22, 23
22, 20, 21
24, 18, 25
18, 24, 16
26, 27, 28
29, 30, 31
29, 32, 33
15, 34, 14
34, 15, 35
25, 36, 24
36, 25, 37
35, 28, 34
28, 35, 26
37, 38, 36
36, 39, 40
39, 36, 38
41, 42, 43
42, 41, 44
16, 45, 19
45, 16, 46
47, 48, 49
48, 47, 50
51, 52, 46
52, 51, 53
46, 54, 45
54, 46, 52
55, 56, 57
58, 56, 30
59, 60, 61
62, 63, 64
65, 66, 67
31, 66, 32
68, 69, 70
40, 71, 72
71, 40, 73
72, 74, 51
74, 72, 71
51, 74, 53
65, 75, 76
77, 75, 78
33, 79, 29
79, 80, 77
42, 44, 27
39, 73, 40
73, 39, 81
40, 73, 40
81, 82, 73
43, 83, 41
83, 43, 84
82, 85, 73
73, 85, 71
84, 86, 83
86, 84, 87
85, 88, 71
87, 89, 86
89, 90, 91
87, 90, 89
88, 92, 71
92, 88, 93
94, 95, 78
96, 95, 97
77, 98, 79
98, 99, 96
91, 100, 89
100, 91, 101
93, 102, 92
101, 103, 100
103, 101, 104
102, 105, 92
104, 106, 103
104, 107, 106
104, 108, 107
109, 105, 110
105, 109, 92
109, 110, 111
112, 11, 9
13, 112, 15
112, 13, 11
15, 112, 35
35, 112, 26
112, 9, 1
113, 90, 87
91, 113, 101
113, 91, 90
43, 113, 84
84, 113, 87
113, 43, 42
101, 113, 104
62, 114, 115
116, 117, 118
116, 118, 119
119, 120, 116
120, 119, 121
122, 123, 124
123, 122, 125
126, 127, 3
127, 126, 128
129, 130, 129
129, 131, 130
129, 132, 131
127, 133, 134
133, 127, 128
135, 136, 137
136, 135, 130
134, 138, 139
138, 134, 133
139, 140, 141
140, 139, 138
141, 142, 143
142, 141, 140
144, 145, 146
147, 146, 148
144, 146, 147
147, 148, 149
150, 148, 151
150, 148, 150
149, 148, 150
152, 145, 144
145, 152, 153
154, 155, 156
29, 157, 158
29, 159, 58
143, 160, 161
160, 143, 142
153, 162, 163
162, 153, 152
161, 155, 154
155, 161, 160
163, 162, 164
162, 165, 164
165, 162, 166
167, 168, 169
168, 167, 170
144, 171, 172
171, 144, 147
173, 48, 174
48, 173, 49
175, 176, 177
176, 175, 172
172, 178, 176
178, 172, 171
179, 180, 181
58, 180, 182
59, 183, 184
185, 186, 187
188, 189, 190
158, 189, 191
192, 193, 191
166, 194, 195
194, 166, 196
196, 197, 194
197, 196, 175
175, 177, 197
188, 198, 199
200, 198, 201
79, 201, 202
79, 202, 29
168, 156, 169
165, 195, 203
195, 165, 166
166, 166, 195
203, 195, 204
170, 205, 206
205, 170, 167
204, 195, 207
195, 194, 207
206, 208, 209
208, 206, 205
207, 194, 210
211, 212, 213
209, 212, 211
209, 208, 212
210, 214, 215
214, 210, 194
194, 216, 214
216, 194, 197
217, 218, 219
220, 218, 221
98, 221, 200
98, 200, 79
213, 222, 223
222, 213, 212
215, 214, 224
223, 225, 226
225, 223, 222
224, 214, 227
226, 228, 108
226, 229, 228
226, 225, 229
230, 227, 214
227, 230, 231
230, 232, 231
233, 134, 139
141, 143, 233
233, 139, 141
143, 161, 233
161, 154, 233
233, 127, 134
234, 209, 211
213, 234, 211
234, 213, 223
170, 206, 234
206, 209, 234
234, 168, 170
223, 226, 234
108, 104, 226
226, 113, 234
113, 226, 104
234, 42, 168
42, 234, 113
168, 27, 156
27, 168, 42
27, 154, 156
154, 27, 26
154, 112, 233
112, 154, 26
233, 1, 127
1, 233, 112
1, 3, 127
185, 187, 235
236, 237, 238
237, 239, 240
238, 241, 242
241, 238, 237
243, 123, 244
123, 243, 124
232, 230, 245
242, 124, 243
124, 242, 241
241, 246, 124
246, 120, 124
120, 122, 124
122, 120, 121
109, 111, 247
248, 249, 250
251, 250, 249
252, 253, 254
253, 252, 255
256, 255, 252
255, 256, 257
258, 252, 254
252, 258, 259
259, 256, 252
248, 260, 261
262, 261, 260
263, 253, 255
253, 263, 264
250, 265, 260
265, 250, 266
267, 255, 257
255, 267, 263
268, 263, 269
263, 268, 264
269, 263, 267
270, 271, 251
272, 273, 262
273, 272, 274
275, 251, 276
251, 275, 250
276, 259, 277
259, 276, 251
277, 258, 278
258, 277, 259
278, 279, 280
279, 278, 258
281, 282, 283
283, 266, 284
266, 283, 282
284, 250, 275
250, 284, 266
285, 260, 286
260, 285, 262
286, 265, 287
265, 286, 260
287, 288, 289
288, 287, 265
289, 290, 291
290, 289, 292
291, 268, 293
268, 291, 290
293, 269, 294
269, 293, 268
294, 262, 285
262, 294, 269
249, 273, 251
273, 249, 248
248, 262, 273
262, 248, 261
295, 296, 297
296, 295, 298
248, 250, 260
298, 299, 300
299, 298, 295
258, 254, 253
301, 302, 303
302, 301, 304
253, 268, 258
253, 264, 268
305, 295, 297
295, 305, 306
307, 296, 298
296, 307, 308
309, 297, 296
297, 309, 310
311, 312, 313
312, 311, 314
314, 315, 312
315, 314, 316
316, 313, 315
313, 316, 311
313, 317, 318
317, 313, 312
312, 319, 317
319, 312, 315
315, 318, 319
318, 315, 313
318, 320, 321
320, 318, 317
317, 322, 320
322, 317, 319
319, 321, 322
321, 319, 318
321, 323, 324
323, 321, 320
320, 325, 323
325, 320, 322
322, 324, 325
324, 322, 321
324, 326, 327
326, 324, 323
323, 328, 326
328, 323, 325
325, 327, 328
327, 325, 324
327, 314, 311
314, 327, 326
326, 316, 314
316, 326, 328
328, 311, 316
311, 328, 327
329, 330, 331
330, 329, 332
333, 334, 335
334, 333, 336
329, 336, 333
336, 329, 331
331, 334, 336
334, 331, 330
330, 335, 334
335, 330, 332
332, 333, 335
333, 332, 329
171, 337, 338
337, 171, 147
339, 45, 340
45, 339, 19
289, 288, 292
280, 281, 283
281, 280, 279
71, 341, 74
341, 71, 92
342, 343, 344
345, 346, 347
348, 349, 350
349, 348, 347
347, 346, 349
349, 346, 343
346, 344, 343
344, 346, 351
350, 352, 353
352, 350, 349
349, 343, 352
343, 354, 352
350, 353, 348
342, 355, 343
355, 354, 343
342, 344, 356
357, 358, 359
360, 361, 358
361, 360, 362
358, 361, 359
361, 363, 359
359, 344, 351
344, 359, 363
362, 364, 361
364, 362, 365
361, 364, 363
366, 364, 364
364, 366, 363
362, 360, 365
365, 348, 353
348, 365, 360
356, 363, 367
363, 366, 367
366, 365, 367
365, 366, 364
354, 353, 352
353, 354, 355
360, 358, 357
357, 348, 360
348, 357, 345
348, 345, 347
342, 368, 369
356, 370, 368
356, 371, 370
367, 372, 371
367, 355, 373
355, 374, 373
355, 375, 374
355, 342, 375
355, 365, 353
365, 355, 367
368, 342, 356
373, 372, 367
356, 367, 371
342, 369, 375
344, 363, 356
345, 359, 346
359, 345, 357
351, 346, 359
376, 377, 378
377, 376, 379
380, 381, 382
381, 380, 383
376, 383, 380
383, 376, 378
378, 381, 383
381, 378, 377
377, 382, 381
382, 377, 379
379, 380, 382
380, 379, 376
384, 385, 386
385, 384, 387
386, 388, 389
388, 386, 385
389, 390, 391
390, 389, 388
391, 387, 384
387, 391, 390
385, 392, 388
392, 385, 393
388, 394, 390
394, 388, 392
390, 395, 387
395, 390, 394
387, 393, 385
393, 387, 395
394, 396, 395
396, 394, 397
395, 398, 393
398, 395, 396
393, 399, 392
399, 393, 398
392, 397, 394
397, 392, 399
400, 401, 402
401, 400, 403
403, 404, 401
404, 403, 405
405, 406, 404
406, 405, 407
407, 402, 406
402, 407, 400
401, 408, 409
408, 401, 404
404, 410, 408
410, 404, 406
406, 411, 410
411, 406, 402
402, 409, 411
409, 402, 401
410, 412, 413
412, 410, 411
411, 414, 412
414, 411, 409
409, 415, 414
415, 409, 408
408, 413, 415
413, 408, 410
416, 417, 418
417, 416, 419
420, 421, 422
422, 423, 424
423, 422, 421
424, 423, 425
425, 421, 420
421, 425, 423
426, 427, 428
427, 426, 429
430, 431, 432
431, 433, 432
433, 431, 434
434, 435, 433
435, 432, 433
432, 435, 430
246, 237, 436
237, 246, 241
436, 240, 437
240, 436, 237
438, 439, 440
439, 438, 441
441, 442, 439
442, 441, 443
246, 440, 241
440, 246, 438
241, 439, 237
439, 241, 440
237, 442, 444
442, 237, 439
445, 443, 446
443, 445, 442
441, 447, 443
447, 441, 436
438, 436, 441
436, 438, 246
246, 116, 120
116, 246, 436
436, 448, 116
448, 436, 446
438, 449, 441
449, 438, 450
441, 451, 443
451, 441, 449
437, 451, 452
451, 437, 443
453, 449, 116
449, 453, 451
116, 450, 120
450, 116, 449
120, 438, 246
438, 120, 450
246, 441, 436
441, 246, 438
436, 443, 446
443, 436, 441
274, 251, 273
251, 274, 270
6, 454, 4
454, 6, 455
4, 132, 5
132, 4, 131
262, 456, 272
130, 135, 129
457, 458, 459
458, 457, 460
459, 461, 462
461, 459, 458
462, 461, 463
461, 464, 463
464, 461, 458
458, 465, 464
465, 458, 460
460, 457, 465
152, 196, 466
196, 152, 144
152, 166, 162
166, 152, 466
196, 172, 175
172, 196, 144
467, 468, 469
468, 467, 470
467, 471, 470
471, 467, 472
473, 474, 475
474, 473, 476
477, 469, 478
469, 477, 467
478, 479, 480
479, 478, 469
480, 481, 482
481, 480, 479
482, 468, 483
468, 482, 481
483, 470, 484
470, 483, 468
484, 471, 485
471, 484, 470
485, 472, 486
472, 485, 471
486, 467, 477
467, 486, 472
24, 72, 16
72, 24, 487
24, 40, 487
40, 24, 36
72, 46, 16
46, 72, 51
488, 489, 490
489, 488, 491
488, 492, 493
492, 488, 490
494, 495, 496
495, 494, 497
498, 491, 488
491, 498, 499
499, 500, 491
500, 499, 501
501, 502, 500
502, 501, 503
503, 489, 502
489, 503, 504
504, 490, 489
490, 504, 505
505, 492, 490
492, 505, 506
506, 493, 492
493, 506, 507
507, 488, 493
488, 507, 498
455, 49, 508
49, 455, 47
137, 49, 173
49, 137, 508
508, 4, 454
4, 508, 131
130, 508, 136
508, 130, 131
509, 510, 511
510, 509, 512
513, 509, 511
509, 513, 514
508, 514, 136
514, 508, 509
136, 513, 130
513, 136, 514
130, 511, 131
511, 130, 513
131, 510, 4
510, 131, 511
4, 512, 454
512, 4, 510
454, 509, 508
509, 454, 512
221, 515, 200
221, 218, 515
218, 217, 515
219, 516, 517
219, 218, 516
218, 220, 516
201, 190, 202
201, 198, 190
198, 188, 190
199, 515, 217
199, 198, 515
198, 200, 515
191, 181, 158
191, 193, 181
193, 179, 181
191, 518, 192
191, 189, 518
189, 188, 518
190, 157, 202
190, 189, 157
189, 158, 157
182, 519, 520
182, 180, 519
180, 179, 519
181, 159, 158
181, 180, 159
180, 58, 159
97, 521, 522
97, 95, 521
95, 94, 521
78, 99, 77
78, 95, 99
95, 96, 99
78, 523, 94
78, 75, 523
75, 65, 523
76, 80, 33
76, 75, 80
75, 77, 80
70, 524, 55
70, 69, 524
69, 31, 524
32, 76, 33
32, 66, 76
66, 65, 76
67, 69, 68
67, 66, 69
66, 31, 69
30, 524, 31
30, 56, 524
56, 55, 524
57, 182, 520
57, 56, 182
56, 58, 182
525, 239, 236
525, 526, 239
526, 240, 239
526, 527, 240
526, 183, 527
183, 59, 527
528, 529, 530
528, 186, 529
186, 185, 529
531, 117, 532
531, 533, 117
533, 118, 117
64, 528, 530
64, 63, 528
60, 59, 184
61, 531, 532
61, 60, 531
63, 62, 115
534, 535, 536
537, 538, 539
540, 541, 542
543, 544, 545
546, 547, 548
549, 550, 551
552, 553, 554
555, 556, 557
558, 559, 560
561, 562, 563
564, 565, 566
567, 568, 569
569, 570, 567
571, 572, 568
568, 573, 569
567, 574, 571
548, 575, 546
576, 577, 547
547, 578, 548
546, 579, 576
29, 58, 30
29, 31, 32
79, 33, 80
98, 77, 99
116, 532, 117
29, 202, 157
29, 158, 159
79, 200, 201
98, 220, 221
237, 236, 239
534, 580, 535
537, 581, 538
540, 582, 541
543, 583, 544
546, 576, 547
549, 584, 550
552, 585, 553
555, 586, 556
558, 587, 559
561, 588, 562
564, 589, 565
567, 571, 568
569, 573, 570
571, 574, 572
568, 572, 573
567, 570, 574
548, 578, 575
576, 579, 577
547, 577, 578
546, 575, 579
