# Project Zomboid Skinned Mesh
# File Version:
1.0
# Model Name:
RIOTTRUCK
# Vertex Stride Element Count:
3
# Vertex Stride Size (in bytes):
76
# Vertex Stride Data:
# (Int)    Offset
# (String) Type
0
VertexArray
12
NormalArray
24
TextureCoordArray
# Vertex Count:
864
# Vertex Buffer:
-0.42056432, 1.00280118, 0.88714796
-0.38114566, 0.65297401, -0.65443891
0.85758889, 0.56297052
-0.38907254, 0.89908159, 0.87862456
0.0, 0.65272987, -0.75756097
0.89458585, 0.57330745
-0.42056432, 0.89908159, 0.88714796
-0.38114566, 0.65297401, -0.65443891
0.89458585, 0.56297052
-0.38907254, 1.00280118, 0.87862456
0.0, 0.65272987, -0.75756097
0.85758901, 0.57330745
-0.35758078, 0.89908159, 0.88714796
0.38114566, 0.65297401, -0.65443891
0.89458585, 0.58527845
-0.35758078, 1.00280118, 0.88714796
0.38114566, 0.65297401, -0.65443891
0.85758889, 0.58527845
-0.32608899, 1.00280118, 0.94224429
0.75673693, 0.65367597, 0.0
0.85800743, 0.67496634
-0.33452719, 0.89908159, 0.91043442
0.65694141, 0.65343183, -0.37598804
0.89500439, 0.66447848
-0.33452719, 1.00280118, 0.91043442
0.65694141, 0.65343183, -0.37598804
0.85800743, 0.66447848
-0.32608899, 0.89908159, 0.94224429
0.75673693, 0.65367597, 0.0
0.89500439, 0.67496634
-0.35758078, 1.00280118, 0.99734062
0.38114566, 0.65297401, 0.65443891
0.85792136, 0.65217903
-0.38907254, 0.89908159, 1.00586402
0.0, 0.65272987, 0.75756097
0.89491856, 0.66415009
-0.35758078, 0.89908159, 0.99734062
0.38114566, 0.65297401, 0.65443891
0.89491856, 0.65217903
-0.38907254, 1.00280118, 1.00586402
0.0, 0.65272987, 0.75756097
0.85792136, 0.66415009
-0.35758078, 1.00280118, 0.99734062
0.38114566, 0.65297401, 0.65443891
0.85800743, 0.69746971
-0.33452719, 0.89908159, 0.97405416
0.65694141, 0.65343183, 0.37598804
0.89500439, 0.687042
-0.33452719, 1.00280118, 0.97405416
0.65694141, 0.65343183, 0.37598804
0.85800743, 0.687042
-0.35758078, 0.89908159, 0.99734062
0.38114566, 0.65297401, 0.65443891
0.89500439, 0.69746971
-0.33452719, 0.89908159, 0.91043442
0.65694141, 0.65343183, -0.37598804
0.89346105, 0.55347282
-0.33452719, 0.89908159, 0.97405416
0.65694141, 0.65343183, 0.37598804
0.87152636, 0.55945826
-0.32608899, 0.89908159, 0.94224429
0.75673693, 0.65367597, 0.0
0.88326561, 0.55945826
-0.35758078, 0.89908159, 0.88714796
0.38114566, 0.65297401, -0.65443891
0.89938128, 0.54310572
-0.35758078, 0.89908159, 0.99734062
0.38114566, 0.65297401, 0.65443891
0.86138928, 0.55347282
-0.38907254, 0.89908159, 1.00586402
0.0, 0.65272987, 0.75756097
0.85557032, 0.54310572
-0.38907254, 0.89908159, 0.87862456
0.0, 0.65272987, -0.75756097
0.89943981, 0.5311349
-0.42056432, 0.89908159, 0.88714796
-0.38114566, 0.65297401, -0.65443891
0.89362085, 0.52076775
-0.42056432, 0.89908159, 0.99734062
-0.38114566, 0.65297401, 0.65443891
0.85562873, 0.53113484
-0.44361791, 0.89908159, 0.91043442
-0.65694141, 0.65343183, -0.37598804
0.88348377, 0.51478237
-0.44361791, 0.89908159, 0.97405416
-0.65694141, 0.65343183, 0.37598804
0.86154914, 0.52076775
-0.45205611, 0.89908159, 0.94224429
-0.75673693, 0.65367597, 0.0
0.87174481, 0.51478237
-0.42056432, 0.89908159, 0.99734062
-0.38114566, 0.65297401, 0.65443891
0.85848379, 0.64142063
-0.44361791, 1.00280118, 0.97405416
-0.65694141, 0.65343183, 0.37598804
0.89548087, 0.62939724
-0.44361791, 0.89908159, 0.97405416
-0.65694141, 0.65343183, 0.37598804
0.85848379, 0.62939724
-0.42056432, 1.00280118, 0.99734062
-0.38114566, 0.65297401, 0.65443891
0.89548087, 0.64142063
-0.38907254, 0.89908159, 1.00586402
0.0, 0.65272987, 0.75756097
0.85848379, 0.65177286
-0.38907254, 1.00280118, 1.00586402
0.0, 0.65272987, 0.75756097
0.89548087, 0.65177286
-0.44361791, 0.89908159, 0.97405416
-0.65694141, 0.65343183, 0.37598804
0.85807717, 0.62906772
-0.45205611, 1.00280118, 0.94224429
-0.75673693, 0.65367597, 0.0
0.89507413, 0.6185798
-0.45205611, 0.89908159, 0.94224429
-0.75673693, 0.65367597, 0.0
0.85807717, 0.6185798
-0.44361791, 1.00280118, 0.97405416
-0.65694141, 0.65343183, 0.37598804
0.89507413, 0.62906772
-0.44361791, 1.00280118, 0.91043442
-0.65694141, 0.65343183, -0.37598804
0.89507413, 0.60650408
-0.44361791, 0.89908159, 0.91043442
-0.65694141, 0.65343183, -0.37598804
0.85807729, 0.60650414
-0.33452719, 1.00280118, 0.91043442
0.65694141, 0.65343183, -0.37598804
0.86154914, 0.52068079
-0.33452719, 1.00280118, 0.97405416
0.65694141, 0.65343183, 0.37598804
0.88348377, 0.51469529
-0.32608899, 1.00280118, 0.94224429
0.75673693, 0.65367597, 0.0
0.87174481, 0.51469529
-0.35758078, 1.00280118, 0.88714796
0.38114566, 0.65297401, -0.65443891
0.85562873, 0.53104788
-0.35758078, 1.00280118, 0.99734062
0.38114566, 0.65297401, 0.65443891
0.89362085, 0.52068073
-0.38907254, 1.00280118, 1.00586402
0.0, 0.65272987, 0.75756097
0.89943981, 0.53104776
-0.38907254, 1.00280118, 0.87862456
0.0, 0.65272987, -0.75756097
0.85557032, 0.5430187
-0.42056432, 1.00280118, 0.88714796
-0.38114566, 0.65297401, -0.65443891
0.86138928, 0.55338579
-0.42056432, 1.00280118, 0.99734062
-0.38114566, 0.65297401, 0.65443891
0.89938128, 0.5430187
-0.44361791, 1.00280118, 0.91043442
-0.65694141, 0.65343183, -0.37598804
0.87152636, 0.55937123
-0.44361791, 1.00280118, 0.97405416
-0.65694141, 0.65343183, 0.37598804
0.89346105, 0.55338579
-0.45205611, 1.00280118, 0.94224429
-0.75673693, 0.65367597, 0.0
0.88326561, 0.55937117
-0.33452719, 1.00280118, 0.91043442
0.65694141, 0.65343183, -0.37598804
0.85758889, 0.595676
-0.33452719, 0.89908159, 0.91043442
0.65694141, 0.65343183, -0.37598804
0.89458585, 0.595676
-0.42056432, 1.00280118, 0.88714796
-0.38114566, 0.65297401, -0.65443891
0.89507413, 0.59607637
-0.42056432, 0.89908159, 0.88714796
-0.38114566, 0.65297401, -0.65443891
0.85807729, 0.59607637
0.42271367, 1.16132474, 0.90698338
-0.46562091, 0.57860041, 0.66960663
0.80926031, 0.60307515
0.45834804, 1.17068684, 0.89829499
0.41846979, 0.79103976, 0.44618061
0.81334746, 0.60228229
0.4389677, 1.17275786, 0.90163749
-0.08404797, 0.84304333, 0.53120518
0.81279546, 0.60251749
0.44168898, 1.07448339, 0.83458
0.31635487, -0.86638999, 0.38630331
0.79573995, 0.62438613
0.4715912, 1.11348283, 0.90678161
0.70925015, -0.30347607, 0.6362499
0.79998338, 0.60375214
0.4553372, 1.10204983, 0.91212749
0.33036286, -0.55845821, 0.76085699
0.79654253, 0.60430801
0.46152341, 1.08843493, 0.82805657
0.81905574, -0.54142886, 0.18970305
0.79990304, 0.62412429
0.46996683, 1.11353612, 0.82158011
0.99896234, -0.04129154, 0.01788385
0.80647194, 0.62344301
0.47851047, 1.13405287, 0.90147424
0.84475231, 0.07562487, 0.52974027
0.80538434, 0.60304576
0.47345203, 1.15590286, 0.89823264
0.75472271, 0.46983245, 0.45780817
0.81054091, 0.60247904
0.46379411, 1.14019907, 0.81762445
0.87224954, 0.48228401, -0.08099613
0.81273061, 0.62262058
0.44536307, 1.1582396, 0.81770056
0.42307809, 0.90261543, -0.07925657
0.81608784, 0.62200046
0.42171368, 1.16076684, 0.82177925
-0.23950925, 0.97015291, 0.03787347
0.81535727, 0.62181765
0.40187925, 1.1468153, 0.82830274
-0.75173193, 0.62605673, 0.20706809
0.81105852, 0.62211394
0.41579443, 1.1407547, 0.91229069
-0.59096044, 0.19217506, 0.78344065
0.80413198, 0.60374218
0.39343584, 1.12171412, 0.8347792
-0.92703027, 0.11447493, 0.35697502
0.80488807, 0.62276077
0.39960855, 1.09505117, 0.83873481
-0.78868985, -0.40189826, 0.46519363
0.79901153, 0.62352747
0.42085287, 1.11890483, 0.91553229
-0.49177527, -0.19684438, 0.8481704
0.79923755, 0.60428274
0.41803962, 1.07701063, 0.83865875
-0.33414716, -0.80260628, 0.49409467
0.79549122, 0.62414771
0.43595687, 1.10412085, 0.91546994
-0.16031373, -0.50767541, 0.84649187
0.79632026, 0.60450298
0.43068686, 1.0156585, 0.74296016
0.24762718, -0.96847439, 0.02667318
0.78900051, 0.64951897
0.46638885, 1.04077113, 0.73121792
0.76177251, -0.63084811, -0.1472213
0.7963348, 0.64998472
0.388118, 1.02020741, 0.75030184
-0.4051027, -0.90343946, 0.14020203
0.78884244, 0.64805716
0.35494208, 1.05268037, 0.75043881
-0.86321604, -0.48558, 0.13797419
0.79516262, 0.64622831
0.48158699, 1.08595324, 0.71956033
0.94692832, -0.1076693, -0.30280465
0.80833626, 0.64914942
0.34383121, 1.10067379, 0.74331862
-0.99777216, 0.05377361, 0.03903317
0.80535877, 0.64466292
0.39473134, 1.17096853, 0.71991879
-0.29990539, 0.90444654, -0.30332348
0.8238517, 0.64408439
0.35902935, 1.14585578, 0.73166102
-0.81075472, 0.57219154, -0.12335581
0.81609267, 0.64384937
0.43730021, 1.16641963, 0.71257704
0.34928435, 0.84017456, -0.41480759
0.825535, 0.64538211
0.47047612, 1.13394666, 0.71244013
0.80782497, 0.4285104, -0.40464491
0.81973898, 0.6473394
0.44442299, 1.1749779, 0.98566037
-0.49388105, 0.59117407, 0.63762319
0.80724466, 0.58344245
0.47093222, 1.18194258, 0.97919691
0.42219305, 0.81136507, 0.40418714
0.81025183, 0.58230835
0.45651475, 1.18348324, 0.98168343
-0.09833064, 0.86519974, 0.49168369
0.80988199, 0.5827803
0.48216844, 1.17094445, 0.97915053
0.77202672, 0.4780114, 0.41880551
0.80812043, 0.58221805
0.43927559, 1.15967536, 0.98960865
-0.62434769, 0.18897061, 0.75792718
0.80337095, 0.58404791
0.48593152, 1.15468967, 0.98156202
0.86645103, 0.06741539, 0.49461347
0.80426681, 0.58255833
0.44303867, 1.1434207, 0.99202013
-0.52204961, -0.21735282, 0.82473218
0.79966587, 0.58438021
0.48078412, 1.13938713, 0.98551029
0.72606587, -0.32889798, 0.60383922
0.80023998, 0.58319485
0.45427489, 1.13242257, 0.99197376
-0.17813654, -0.54286325, 0.82067323
0.79747266, 0.58431667
0.46869236, 1.13088191, 0.98948723
0.33185828, -0.59599596, 0.73116243
0.79765636, 0.5838685
0.43491146, 1.10237134, 0.6624614
0.77202672, 0.4780114, 0.41880551
0.81472051, 0.66145766
0.43700132, 1.06888425, 0.64434987
0.62434769, -0.18897061, -0.75792718
0.80855781, 0.66806358
0.43054327, 1.0967797, 0.64021134
0.52208012, 0.21735282, -0.82473218
0.81495273, 0.66692096
0.4413695, 1.07447588, 0.66659993
0.86645103, 0.06741539, 0.49461347
0.80830562, 0.66256654
0.3677589, 1.05513644, 0.6845476
-0.52208012, -0.21735282, 0.82473218
0.80052704, 0.65989566
0.3569327, 1.07744038, 0.65815902
-0.86645103, -0.06741539, -0.49461347
0.8067795, 0.66396964
0.36339074, 1.04954481, 0.66229755
-0.77202672, -0.47804195, -0.41880551
0.80078226, 0.66501349
0.36130089, 1.08303201, 0.68040913
-0.62434769, 0.18897061, 0.75792718
0.80654174, 0.65888137
0.42816761, 1.0426228, 0.65112567
0.49388105, -0.59117407, -0.63762319
0.80181223, 0.668365
0.4117845, 1.03361797, 0.68020076
0.33185828, -0.59599596, 0.73116243
0.79723626, 0.66238326
0.40741634, 1.02802634, 0.6579507
0.09833064, -0.86519974, -0.49168369
0.79751176, 0.66771966
0.4325358, 1.04821444, 0.67337573
0.72606587, -0.32889798, 0.60383922
0.80154312, 0.66291785
0.38267377, 1.0306704, 0.66221797
-0.42219305, -0.81136507, -0.40418714
0.79721487, 0.66643101
0.38704196, 1.03626204, 0.68446803
-0.17813654, -0.54286325, 0.82067323
0.79694492, 0.66122013
0.39088586, 1.1238898, 0.66680831
-0.09833064, 0.86519974, 0.49168369
0.81732893, 0.65895432
0.41126025, 1.11565423, 0.64029092
0.17813654, 0.54286325, -0.82067323
0.81834614, 0.66542649
0.38651767, 1.11829817, 0.64455819
-0.33185828, 0.59599596, -0.73116243
0.8175441, 0.6641888
0.41562843, 1.12124586, 0.66254103
0.42219305, 0.81136507, 0.40418714
0.81812799, 0.66006541
0.37013459, 1.10929346, 0.67363328
-0.49388105, 0.59117407, 0.63762319
0.81288224, 0.65852034
0.36576641, 1.10370183, 0.65138322
-0.72606587, 0.32889798, -0.60383922
0.81310487, 0.6636523
0.39383912, 1.11113322, 0.66870081
-0.14441359, 0.90456861, 0.40107426
0.81454057, 0.65943027
0.37895268, 1.10066223, 0.67359692
-0.5840022, 0.5937376, 0.55351418
0.81136334, 0.65910947
0.37261561, 1.08182287, 0.67845768
-0.72081667, 0.15906247, 0.67458111
0.80677444, 0.65936768
0.37724844, 1.06181133, 0.68142653
-0.60838646, -0.27442244, 0.74465162
0.80242145, 0.66010416
0.39108157, 1.0482713, 0.68136948
-0.23108615, -0.62565994, 0.74504834
0.79986751, 0.66106087
0.40883127, 1.04637456, 0.67830825
0.33600879, -0.68419445, 0.64723653
0.80012751, 0.66188985
0.41158879, 1.10923648, 0.66563958
0.44804224, 0.8424024, 0.29926449
0.81506211, 0.66023254
0.42542195, 1.09569645, 0.66558248
0.82753992, 0.47050387, 0.30619222
0.81259787, 0.66122407
0.43005478, 1.07568491, 0.66855133
0.923307, 0.02957243, 0.3828547
0.80803871, 0.66200942
0.42371771, 1.05684566, 0.67341214
0.76970732, -0.39442122, 0.50193793
0.80323285, 0.66226244
0.47048041, 1.13491094, 0.90285915
0.76509905, 0.08758812, 0.63786739
0.8052147, 0.60313982
0.46671733, 1.15116572, 0.90044767
0.68984038, 0.43147069, 0.58128607
0.80902445, 0.60272104
0.45548111, 1.16216385, 0.90049404
0.39613026, 0.70131534, 0.59263891
0.81112409, 0.60257232
0.42897189, 1.15519917, 0.90695751
-0.36451307, 0.52375865, 0.76989043
0.80812347, 0.60315824
0.44106364, 1.16370451, 0.90298057
-0.02926725, 0.74221015, 0.66951507
0.81074506, 0.60274339
0.42382449, 1.13989663, 0.91090578
-0.47843868, 0.18900113, 0.85750908
0.80428362, 0.6036579
0.46533301, 1.11960852, 0.90680742
0.63087863, -0.22666097, 0.74199653
0.80122429, 0.60366154
0.43882379, 1.11264384, 0.91327089
-0.08154546, -0.37540817, 0.92324597
0.79845792, 0.60422409
0.45324126, 1.11110318, 0.91078436
0.31006807, -0.41013825, 0.85766166
0.79865444, 0.60407531
0.42758757, 1.12364197, 0.91331726
-0.37662894, -0.14123966, 0.91552478
0.80061853, 0.6040625
0.45070133, 1.14785862, 0.98968369
-0.81707203, -0.49537644, 0.29483932
0.80104041, 0.58399737
0.45889986, 1.14091766, 0.98939472
-0.33753473, -0.88348031, 0.32480851
0.79970974, 0.58392686
0.49947166, 1.20113289, 1.20473289
-0.16934721, -0.32325205, 0.93102819
0.7983427, 0.52685398
0.49184826, 1.20678139, 1.20207429
-0.54390085, 0.00323496, 0.83913696
0.7996605, 0.52809197
0.46621352, 1.14001787, 0.9882021
0.26929533, -0.93646044, 0.22470778
0.79978722, 0.58369011
0.51486188, 1.2045095, 1.19866312
0.76055175, -0.14392529, 0.63307595
0.80001831, 0.52582377
0.47361568, 1.14522445, 0.98576754
0.79671621, -0.60414439, 0.0138554
0.80137354, 0.58327937
0.4770613, 1.15546787, 0.98312461
0.98208565, -0.09195227, -0.16428113
0.80404782, 0.58285755
0.51745135, 1.21275735, 1.19169915
0.87005216, 0.28324229, 0.40342417
0.80260038, 0.52644461
0.47450578, 1.16650641, 0.98148692
0.85052031, 0.44221321, -0.28464612
0.80664438, 0.58262765
0.46741465, 1.17344737, 0.98151618
0.38236642, 0.87102878, -0.30832851
0.80799586, 0.58268112
0.51400506, 1.22168529, 1.18556488
0.70503861, 0.66658527, 0.24185918
0.80509418, 0.52767885
0.48840198, 1.21570933, 1.1959399
-0.63713491, 0.40623188, 0.65495771
0.80209661, 0.52928764
0.45159143, 1.16914058, 0.98540312
-0.8275094, 0.56135744, 0.00830103
0.80618817, 0.58336139
0.44814581, 1.15889716, 0.98804605
-0.98272651, 0.06646931, 0.17255165
0.8035754, 0.58377063
0.49099147, 1.22395718, 1.18897605
-0.47465438, 0.76232183, 0.4399243
0.80461448, 0.52990162
0.50534928, 1.22733378, 1.18315101
0.33805352, 0.91662341, 0.21320231
0.80632544, 0.52901673
0.49896997, 1.22811365, 1.18400002
-0.07528916, 0.95962399, 0.27094331
0.80622554, 0.52964002
0.42327029, 1.23244047, 0.84797174
-0.59993285, 0.58101135, 0.54994357
0.82932913, 0.61095011
0.46336338, 1.11071098, 0.61785012
-0.66081727, -0.41108432, -0.6279183
0.82137394, 0.67137259
0.5077951, 1.1675874, 0.84417075
-0.33314005, -0.11142308, 0.93624681
0.81905907, 0.61235231
0.37883854, 1.17556405, 0.62165105
-0.81530195, 0.33307901, -0.47358623
0.83117026, 0.66514921
0.47468787, 0.98154855, 0.64059961
-0.10983612, -0.93563646, -0.33536789
0.78951675, 0.67595297
0.51911962, 1.03842485, 0.86692023
0.09106723, -0.7109592, 0.6972869
0.7861712, 0.61629754
0.49068701, 1.1145463, 0.61183357
0.5814997, 0.2166509, -0.78414255
0.82418501, 0.67286408
0.53511876, 1.17142272, 0.8381542
0.80425429, 0.47025973, 0.36326182
0.82188869, 0.6120798
0.45218104, 0.89908159, 0.74448323
0.61983091, -0.64378798, -0.4486526
0.76231033, 0.65755558
0.40471244, 0.89908159, 0.72898847
-0.23731193, -0.64351326, -0.72768337
0.76392657, 0.6611051
0.43095243, 0.89908159, 0.72898847
0.23731193, -0.64351326, -0.72768337
0.76366729, 0.66112745
0.38348383, 0.89908159, 0.74448323
-0.61983091, -0.64378798, -0.4486526
0.76306409, 0.65773422
0.46028963, 0.89908159, 0.76955426
0.76503801, -0.64394057, 0.0
0.76036441, 0.6516903
0.37537521, 0.89908159, 0.76955426
-0.76503801, -0.64394057, 0.0
0.76144463, 0.65238297
0.45218104, 0.89908159, 0.79462528
0.61983091, -0.64378798, 0.4486526
0.75864697, 0.64598703
0.38348383, 0.89908159, 0.79462528
-0.61983091, -0.64378798, 0.4486526
0.75963908, 0.64692569
0.43095243, 0.89908159, 0.81012005
0.23731193, -0.64351326, 0.72768337
0.75786459, 0.64280713
0.40471244, 0.89908159, 0.81012005
-0.23731193, -0.64351326, 0.72768337
0.75827122, 0.64325392
0.38348383, 0.9563337, 0.74448323
-0.61983091, 0.64378798, -0.4486526
0.77542257, 0.65377331
0.43095243, 0.9563337, 0.72898847
0.23731193, 0.64351326, -0.72768337
0.77662784, 0.6569699
0.40471244, 0.9563337, 0.72898847
-0.23731193, 0.64351326, -0.72768337
0.77655363, 0.65705454
0.409574, 0.9563337, 0.74401993
-0.19244972, 0.78398997, -0.59016693
0.77549875, 0.65370935
0.39621156, 0.9563337, 0.75377321
-0.50325024, 0.78359324, -0.36426893
0.77479279, 0.65166497
0.37537521, 0.9563337, 0.76955426
-0.76503801, 0.64394057, 0.0
0.77369016, 0.64846367
0.39110759, 0.9563337, 0.76955426
-0.62153995, 0.7833491, 0.0
0.77368969, 0.64828455
0.38348383, 0.9563337, 0.79462528
-0.61983091, 0.64378798, 0.4486526
0.77196234, 0.64298737
0.39621156, 0.9563337, 0.7853353
-0.50325024, 0.78359324, 0.36426893
0.77258784, 0.64479238
0.409574, 0.9563337, 0.79508853
-0.19244972, 0.78398997, 0.59016693
0.7718845, 0.64244366
0.40471244, 0.9563337, 0.81012005
-0.23731193, 0.64351326, 0.72768337
0.77083874, 0.63924176
0.42609087, 0.9563337, 0.79508853
0.19244972, 0.78398997, 0.59016693
0.77185374, 0.6421501
0.42609087, 0.9563337, 0.74401993
0.19244972, 0.78398997, -0.59016693
0.77552766, 0.65360105
0.45218104, 0.9563337, 0.74448323
0.61983091, 0.64378798, -0.4486526
0.77554137, 0.65331572
0.4394533, 0.9563337, 0.75377321
0.50325024, 0.78359324, -0.36426893
0.77483892, 0.65128851
0.46028963, 0.9563337, 0.76955426
0.76503801, 0.64394057, 0.0
0.77368581, 0.64742792
0.44455728, 0.9563337, 0.76955426
0.62153995, 0.7833491, 0.0
0.77368695, 0.64763337
0.4394533, 0.9563337, 0.7853353
0.50325024, 0.78359324, 0.36426893
0.77253777, 0.64411604
0.45218104, 0.9563337, 0.79462528
0.61983091, 0.64378798, 0.4486526
0.77183759, 0.64177293
0.43095243, 0.9563337, 0.81012005
0.23731193, 0.64351326, 0.72768337
0.77076256, 0.63868988
0.39621156, 1.06845248, 0.75377321
-0.61983091, 0.64378798, -0.4486526
0.79921126, 0.64384335
0.42609087, 1.06845248, 0.74401993
0.23731193, 0.64351326, -0.72768337
0.80068845, 0.6455375
0.409574, 1.06845248, 0.74401993
-0.23731193, 0.64351326, -0.72768337
0.8002516, 0.64577633
0.4394533, 1.06845248, 0.75377321
0.61983091, 0.64378798, -0.4486526
0.8003248, 0.64312565
0.39110759, 1.06845248, 0.76955426
-0.76503801, 0.64394057, 0.0
0.79796624, 0.64051539
0.44455728, 1.06845248, 0.76955426
0.76503801, 0.64394057, 0.0
0.79928035, 0.63944393
0.39621156, 1.06845248, 0.7853353
-0.61983091, 0.64378798, 0.4486526
0.79696244, 0.63699907
0.4394533, 1.06845248, 0.7853353
0.61983091, 0.64378798, 0.4486526
0.79797536, 0.63598436
0.409574, 1.06845248, 0.79508853
-0.23731193, 0.64351326, 0.72768337
0.7965638, 0.63455766
0.42609087, 1.06845248, 0.79508853
0.23731193, 0.64351326, 0.72768337
0.79693872, 0.63413525
0.39336476, 1.00280118, 0.53064519
-0.38114566, 0.65297401, -0.65443891
0.93491405, 0.5623084
0.42485654, 0.89908159, 0.52212173
0.0, 0.65272987, -0.75756097
0.97191089, 0.57268766
0.39336476, 0.89908159, 0.53064519
-0.38114566, 0.65297401, -0.65443891
0.97191089, 0.5623084
0.42485654, 1.00280118, 0.52212173
0.0, 0.65272987, -0.75756097
0.93491405, 0.57268766
0.45634833, 0.89908159, 0.53064519
0.38114566, 0.65297401, -0.65443891
0.97191089, 0.58470771
0.45634833, 1.00280118, 0.53064519
0.38114566, 0.65297401, -0.65443891
0.93491405, 0.58470771
0.48784009, 1.00280118, 0.58574146
0.75673693, 0.65367597, 0.0
0.93515986, 0.67549467
0.47940189, 0.89908159, 0.55393159
0.65694141, 0.65343183, -0.37598804
0.97215694, 0.66496378
0.47940189, 1.00280118, 0.55393159
0.65694141, 0.65343183, -0.37598804
0.93515986, 0.66496378
0.48784009, 0.89908159, 0.58574146
0.75673693, 0.65367597, 0.0
0.97215694, 0.67549467
0.45634833, 1.00280118, 0.64083779
0.38114566, 0.65297401, 0.65443891
0.97215694, 0.66387695
0.42485654, 0.89908159, 0.64936125
0.0, 0.65272987, 0.75756097
0.93515986, 0.65349776
0.45634833, 0.89908159, 0.64083779
0.38114566, 0.65297401, 0.65443891
0.93515986, 0.66387695
0.42485654, 1.00280118, 0.64936125
0.0, 0.65272987, 0.75756097
0.97215694, 0.65349776
0.45634833, 1.00280118, 0.64083779
0.38114566, 0.65297401, 0.65443891
0.93515986, 0.69809037
0.47940189, 0.89908159, 0.61755133
0.65694141, 0.65343183, 0.37598804
0.97215694, 0.68761986
0.47940189, 1.00280118, 0.61755133
0.65694141, 0.65343183, 0.37598804
0.93515986, 0.68761986
0.45634833, 0.89908159, 0.64083779
0.38114566, 0.65297401, 0.65443891
0.97215694, 0.69809037
0.47940189, 0.89908159, 0.55393159
0.65694141, 0.65343183, -0.37598804
0.97013867, 0.55318213
0.47940189, 0.89908159, 0.61755133
0.65694141, 0.65343183, 0.37598804
0.9482041, 0.55919218
0.48784009, 0.89908159, 0.58574146
0.75673693, 0.65367597, 0.0
0.95994306, 0.55919218
0.45634833, 0.89908159, 0.53064519
0.38114566, 0.65297401, -0.65443891
0.9760589, 0.54277265
0.45634833, 0.89908159, 0.64083779
0.38114566, 0.65297401, 0.65443891
0.93806702, 0.55318218
0.42485654, 0.89908159, 0.64936125
0.0, 0.65272987, 0.75756097
0.93224794, 0.54277265
0.42485654, 0.89908159, 0.52212173
0.0, 0.65272987, -0.75756097
0.97611755, 0.53075266
0.39336476, 0.89908159, 0.53064519
-0.38114566, 0.65297401, -0.65443891
0.97029859, 0.52034312
0.39336476, 0.89908159, 0.64083779
-0.38114566, 0.65297401, 0.65443891
0.93230659, 0.53075266
0.3703112, 0.89908159, 0.55393159
-0.65694141, 0.65343183, -0.37598804
0.96016139, 0.51433313
0.3703112, 0.89908159, 0.61755133
-0.65694141, 0.65343183, 0.37598804
0.93822658, 0.52034318
0.361873, 0.89908159, 0.58574146
-0.75673693, 0.65367597, 0.0
0.94842225, 0.51433313
0.39336476, 0.89908159, 0.64083779
-0.38114566, 0.65297401, 0.65443891
0.93515986, 0.59520718
0.3703112, 1.00280118, 0.61755133
-0.65694141, 0.65343183, 0.37598804
0.97215694, 0.58476701
0.3703112, 0.89908159, 0.61755133
-0.65694141, 0.65343183, 0.37598804
0.93515986, 0.58476701
0.39336476, 1.00280118, 0.64083779
-0.38114566, 0.65297401, 0.65443891
0.97215694, 0.59520718
0.39336476, 1.00280118, 0.64083779
-0.38114566, 0.65297401, 0.65443891
0.97215694, 0.64147764
0.39336476, 0.89908159, 0.64083779
-0.38114566, 0.65297401, 0.65443891
0.93515986, 0.64147764
0.3703112, 0.89908159, 0.61755133
-0.65694141, 0.65343183, 0.37598804
0.93531972, 0.62896892
0.361873, 1.00280118, 0.58574146
-0.75673693, 0.65367597, 0.0
0.97231692, 0.61843809
0.361873, 0.89908159, 0.58574146
-0.75673693, 0.65367597, 0.0
0.93531972, 0.61843809
0.3703112, 1.00280118, 0.61755133
-0.65694141, 0.65343183, 0.37598804
0.97231692, 0.62896892
0.3703112, 1.00280118, 0.55393159
-0.65694141, 0.65343183, -0.37598804
0.97231692, 0.60631296
0.3703112, 0.89908159, 0.55393159
-0.65694141, 0.65343183, -0.37598804
0.93531972, 0.6063129
0.47940189, 1.00280118, 0.55393159
0.65694141, 0.65343183, -0.37598804
0.96949059, 0.55310482
0.47940189, 1.00280118, 0.61755133
0.65694141, 0.65343183, 0.37598804
0.94755572, 0.55911481
0.48784009, 1.00280118, 0.58574146
0.75673693, 0.65367597, 0.0
0.95929497, 0.55911481
0.45634833, 1.00280118, 0.53064519
0.38114566, 0.65297401, -0.65443891
0.97541064, 0.54269528
0.45634833, 1.00280118, 0.64083779
0.38114566, 0.65297401, 0.65443891
0.93741876, 0.55310494
0.42485654, 1.00280118, 0.64936125
0.0, 0.65272987, 0.75756097
0.9315998, 0.54269534
0.42485654, 1.00280118, 0.52212173
0.0, 0.65272987, -0.75756097
0.97546917, 0.53067541
0.39336476, 1.00280118, 0.53064519
-0.38114566, 0.65297401, -0.65443891
0.96965021, 0.52026576
0.39336476, 1.00280118, 0.64083779
-0.38114566, 0.65297401, 0.65443891
0.93165833, 0.53067541
0.3703112, 1.00280118, 0.55393159
-0.65694141, 0.65343183, -0.37598804
0.95951325, 0.51425576
0.3703112, 1.00280118, 0.61755133
-0.65694141, 0.65343183, 0.37598804
0.93757838, 0.52026588
0.361873, 1.00280118, 0.58574146
-0.75673693, 0.65367597, 0.0
0.94777399, 0.51425576
0.47940189, 1.00280118, 0.55393159
0.65694141, 0.65343183, -0.37598804
0.93504101, 0.64051935
0.45634833, 0.89908159, 0.53064519
0.38114566, 0.65297401, -0.65443891
0.97203785, 0.63007912
0.45634833, 1.00280118, 0.53064519
0.38114566, 0.65297401, -0.65443891
0.93504101, 0.63007912
0.47940189, 0.89908159, 0.55393159
0.65694141, 0.65343183, -0.37598804
0.97203785, 0.64051935
0.39336476, 1.00280118, 0.53064519
-0.38114566, 0.65297401, -0.65443891
0.97231692, 0.59584245
0.39336476, 0.89908159, 0.53064519
-0.38114566, 0.65297401, -0.65443891
0.93531972, 0.59584245
0.52290732, -0.0627014, 1.30764186
0.74983978, 0.04397717, 0.66011536
0.30593765, 0.98531417
0.50775701, 0.38468906, 1.29503322
0.7289651, 0.00595111, 0.68449962
0.30179232, 0.85574451
0.4318116, -0.06270211, 1.37351847
0.32047486, 0.01910459, 0.94705039
0.28101164, 0.98856462
0.56251252, -0.06270029, 1.23503184
0.86382639, 0.03833125, 0.50227362
0.31677431, 0.98173161
0.54463053, 0.72180182, 1.18708241
0.58705407, 0.19324321, 0.78612626
0.31275922, 0.75100125
0.46767482, 0.72180235, 1.24044061
0.34846035, 0.29169592, 0.89074373
0.29170227, 0.75363381
0.50775689, 0.39468908, 1.29503345
0.70332956, 0.17548142, 0.6888333
0.30266982, 0.85060821
0.43180642, 0.39268309, 1.37352908
0.3180334, 0.32477799, 0.8906827
0.2818881, 0.85505925
0.43180642, 0.72180218, 1.24087203
0.00555437, 0.37382123, 0.92745751
0.28188774, 0.75365509
-0.48527578, 0.38468835, 1.29502618
-0.72890407, 0.00595111, 0.68456066
0.03007289, 0.85574432
-0.54036748, 0.38388535, 1.23459625
-0.73897517, 6.104e-05, 0.6736961
0.01499825, 0.85299446
-0.54003149, -0.06270101, 1.23502481
-0.86382639, 0.03833125, 0.50227362
0.01508983, 0.98173161
-0.40930879, -0.06270211, 1.37351716
-0.32044435, 0.01913511, 0.94705039
0.05085938, 0.98856462
-0.50042635, -0.06270211, 1.30763483
-0.74980927, 0.04397717, 0.66014588
0.02592718, 0.98531417
-0.40930879, 0.39268309, 1.37351167
-0.31800288, 0.32474747, 0.89071321
0.05173724, 0.85505836
-0.4451938, 0.72180164, 1.24043357
-0.34846035, 0.29169592, 0.89074373
0.04191797, 0.75363366
-0.48527589, 0.39468837, 1.29502642
-0.70326853, 0.17548142, 0.68889433
0.03095039, 0.85060821
-0.5221495, 0.7218011, 1.18707538
-0.58705407, 0.19324321, 0.78612626
0.02086069, 0.75100125
-0.5403676, 0.39388534, 1.23459649
-0.73290199, 0.13727225, 0.66631061
0.01587575, 0.84785834
-0.40930867, 0.3826831, 1.37351143
-0.39246804, 0.0, 0.91973633
0.05085977, 0.86019467
-0.40932542, 0.72180146, 1.24086499
-0.00558489, 0.37379071, 0.92748803
0.05173247, 0.75365494
0.43180653, 0.3826831, 1.37352884
0.39252907, 0.0, 0.91973633
0.28101057, 0.86019537
0.56284869, 0.38388607, 1.23460329
0.73897517, 6.104e-05, 0.6736961
0.31686664, 0.85299464
0.56284857, 0.39388606, 1.23460352
0.73290199, 0.13727225, 0.66631061
0.31774414, 0.84785834
-0.34504411, 1.07002521, 1.07402503
-0.41868344, 0.58217108, 0.69695121
0.71663529, 0.60747382
-0.36088639, 1.0664897, 1.04014599
-0.840083, 0.48921171, -0.23426008
0.71565199, 0.61121526
-0.35380584, 1.07534981, 1.05670094
0.32633442, 0.91088593, -0.25241858
0.71434468, 0.60891035
-0.27148393, 1.01242805, 1.02686322
0.04510636, -0.99548328, 0.08316294
0.73723412, 0.59300676
-0.33792236, 1.00993812, 1.07728326
-0.29953918, -0.60725731, 0.7358318
0.73176897, 0.61077243
-0.34500292, 1.00107813, 1.06072831
-0.46272165, -0.83407086, 0.3002716
0.7334336, 0.61308715
-0.2628437, 1.02323985, 1.0470649
0.25479904, -0.70674765, 0.65996277
0.73503274, 0.59061897
-0.33522755, 1.02959859, 1.08674562
-0.28080082, -0.20593891, 0.93737602
0.72723162, 0.60861933
-0.25955528, 1.04723096, 1.05861151
0.27191991, -0.18829921, 0.94369334
0.72927004, 0.58827627
-0.33794782, 1.05254984, 1.08550107
-0.36222419, 0.18408765, 0.91372418
0.72152168, 0.60737768
-0.26287475, 1.07523787, 1.05709291
0.13248084, 0.32996613, 0.93462938
0.72209078, 0.58678061
-0.27153417, 1.09656274, 1.04308891
-0.12955107, 0.74831384, 0.65053254
0.71594322, 0.58663234
-0.28222597, 1.10306013, 1.0219487
-0.43720818, 0.89254433, 0.11032441
0.71302575, 0.58793092
-0.2908662, 1.09224832, 1.00174701
-0.62352365, 0.63826412, -0.45139927
0.71465421, 0.59028456
-0.36358121, 1.04682922, 1.03068364
-0.9366436, 0.0504471, -0.34659871
0.72024298, 0.61351746
-0.29415461, 1.06825721, 0.99020034
-0.62544632, 0.15134129, -0.76540422
0.72050542, 0.59281874
-0.29083514, 1.0402503, 0.99171907
-0.49574268, -0.37321085, -0.78414255
0.72831357, 0.5944674
-0.36086097, 1.0238781, 1.03192818
-0.8690756, -0.3467513, -0.35276344
0.72634345, 0.61486128
-0.28217572, 1.01892555, 1.005723
-0.25840023, -0.828547, -0.49668875
0.73476022, 0.59451804
-0.35376468, 1.00640261, 1.04340422
-0.69896543, -0.70165104, -0.13830988
0.7314176, 0.61467892
-0.17801058, 1.00018132, 0.98665744
0.33759576, -0.93951231, -0.0573748
0.74981952, 0.56749448
-0.16245817, 1.01964247, 1.02302039
0.54570144, -0.67137671, 0.50141913
0.7451176, 0.5643214
-0.19725579, 1.0118767, 0.948605
0.04080325, -0.78637046, -0.61638236
0.74564308, 0.56914926
-0.21284275, 1.05026138, 0.9233979
-0.20154424, -0.34458449, -0.91683704
0.73324335, 0.56834486
-0.15653901, 1.06282663, 1.04380441
0.57329023, -0.16284677, 0.8029725
0.73425955, 0.56090996
-0.2188178, 1.10067379, 0.92066425
-0.32688376, 0.19525743, -0.92464978
0.71787649, 0.56528279
-0.19734623, 1.16331911, 0.97781116
-0.07849361, 0.99456769, -0.0679342
0.70403296, 0.55845371
-0.21289864, 1.14385796, 0.94144827
-0.29410687, 0.71697134, -0.63197732
0.70669168, 0.56141618
-0.17810102, 1.15162373, 1.01586354
0.21817683, 0.83620715, 0.50312817
0.70980841, 0.55738395
-0.16251405, 1.11323905, 1.0410707
0.45271158, 0.3797113, 0.80675679
0.72115207, 0.55834198
-0.11964668, 1.11442924, 0.99117678
-0.32331309, 0.19785149, 0.92535174
0.72427613, 0.54309621
-0.09566332, 1.09064913, 0.98306626
0.92074341, -0.05874813, 0.38563189
0.73282915, 0.53779045
-0.09913623, 1.11995065, 0.98147738
0.84954375, 0.35517442, 0.3899655
0.72463959, 0.53626779
-0.11617377, 1.08512771, 0.99276567
-0.23911253, -0.2095706, 0.94808799
0.73237163, 0.54462585
-0.14889954, 1.07782435, 0.92278105
-0.84954375, -0.35517442, -0.3899655
0.73159409, 0.547286
-0.131862, 1.11264718, 0.91149276
0.23911253, 0.2095706, -0.94808799
0.7230705, 0.53810212
-0.12838909, 1.08334577, 0.91308165
0.32331309, -0.19785149, -0.92535174
0.73208827, 0.53978708
-0.15237245, 1.10712588, 0.92119217
-0.92074341, 0.05874813, -0.38563189
0.72268999, 0.54559252
-0.09910374, 1.0655489, 0.97098583
0.87838376, -0.4469741, 0.16916409
0.73948687, 0.539406
-0.12865382, 1.04871607, 0.95954978
-0.42503127, -0.85897398, 0.28537858
0.7415579, 0.5477035
-0.10814337, 1.05423737, 0.94985038
0.70714438, -0.65825373, -0.25803399
0.74215043, 0.54054323
-0.11961419, 1.0600276, 0.98068523
-0.2572405, -0.62572098, 0.73638111
0.73894292, 0.54636469
-0.11932938, 1.06103516, 0.92773294
0.4857631, -0.5337382, -0.69219029
0.73944902, 0.54072055
-0.13983983, 1.05551386, 0.93743235
-0.67061371, -0.72270882, -0.16714987
0.73887223, 0.54808924
-0.13989238, 1.14353752, 0.95440805
-0.70714438, 0.65825373, 0.25803399
0.71411383, 0.5425019
-0.10819594, 1.14226115, 0.96682602
0.67061371, 0.72270882, 0.16714987
0.71766347, 0.53534496
-0.11938194, 1.14905894, 0.94470865
0.42503127, 0.85897398, -0.28537858
0.71437222, 0.53536636
-0.12870638, 1.13673973, 0.97652543
-0.4857631, 0.5337382, 0.69215977
0.71737444, 0.5422847
-0.14893202, 1.13222599, 0.9332726
-0.87838376, 0.44694358, -0.16916409
0.71599734, 0.54374453
-0.12842157, 1.13774741, 0.9235732
0.2572405, 0.62572098, -0.73638111
0.71628708, 0.53639698
-0.13830423, 1.13013804, 0.95513463
-0.62025821, 0.75423443, 0.2153386
0.71795213, 0.54322934
-0.14478904, 1.12202346, 0.93997258
-0.80828273, 0.53050327, -0.25534835
0.71937972, 0.54413086
-0.1472571, 1.10401726, 0.93130642
-0.85982847, 0.11496323, -0.49745169
0.72416991, 0.54544485
-0.14476573, 1.08299708, 0.93244624
-0.79607534, -0.32914212, -0.50779748
0.73046851, 0.54664144
-0.13826653, 1.06699204, 0.94295669
-0.61864072, -0.73857844, -0.26789147
0.73565018, 0.5472191
-0.13024198, 1.06211555, 0.9588232
-0.34403515, -0.90258491, 0.25873592
0.73763943, 0.5469608
-0.13027968, 1.12526155, 0.97100109
-0.375927, 0.62242502, 0.68645281
0.72023696, 0.54305765
-0.12378048, 1.10925651, 0.98151159
-0.19962157, 0.26731163, 0.94268626
0.72522509, 0.5436396
-0.1212891, 1.08823633, 0.98265141
-0.11401715, -0.16449477, 0.97973573
0.73110807, 0.54475212
-0.12375718, 1.07023013, 0.9739852
-0.1423078, -0.62251657, 0.76952422
0.73583555, 0.54601002
-0.34088159, 1.04887879, 1.07864165
0.84954375, 0.35517442, 0.3899655
0.72210276, 0.60827947
-0.41140735, 1.01227462, 1.11387622
-0.23911253, -0.2095706, 0.94808799
0.72519267, 0.62790638
-0.33885792, 1.0318048, 1.07956755
0.92074341, -0.05874813, 0.38563189
0.72638547, 0.60921222
-0.41343102, 1.02934861, 1.11295044
-0.32331309, 0.19785149, 0.92535174
0.72106224, 0.6269725
-0.34616065, 1.06187916, 1.07010436
0.67061371, 0.72270882, 0.16714987
0.71845025, 0.60835844
-0.41871011, 1.04234898, 1.10441303
-0.4857631, 0.5337382, 0.69219029
0.71753073, 0.62718877
-0.42522818, 1.04631007, 1.09152532
-0.70714438, 0.65825373, 0.25803399
0.71589863, 0.62849915
-0.35794613, 1.05924892, 1.04490101
0.2572405, 0.62572098, -0.73638111
0.71777827, 0.61115685
-0.43049556, 1.03971875, 1.07920969
-0.87838376, 0.44694358, -0.16916409
0.71685588, 0.63044849
-0.35267875, 1.06584013, 1.05721664
0.42503127, 0.85897398, -0.28537858
0.71677101, 0.60944113
-0.35995087, 1.04462302, 1.0378617
0.23911253, 0.2095706, -0.94808799
0.72118884, 0.61285439
-0.4325003, 1.02509296, 1.07217038
-0.92074341, 0.05874813, -0.38563189
0.72013104, 0.6322937
-0.34086266, 1.01717889, 1.07252824
0.87838376, -0.44694358, 0.16916409
0.72976643, 0.61082745
-0.41341209, 0.99764878, 1.10683703
-0.2572405, -0.62572098, 0.73638111
0.72844124, 0.62966067
-0.35264811, 1.01454878, 1.0473249
0.4857631, -0.5337382, -0.69219029
0.72944427, 0.61371711
-0.41867948, 0.99105757, 1.0945214
-0.42503127, -0.85897398, 0.28537858
0.72958243, 0.63160956
-0.42519757, 0.9950186, 1.08163357
-0.67061371, -0.72270882, -0.16714987
0.72809088, 0.63301077
-0.34613004, 1.01058769, 1.06021273
0.70714438, -0.65825373, -0.25803399
0.73097146, 0.61254847
-0.43047664, 1.00801897, 1.07309628
-0.84954375, -0.35517442, -0.3899655
0.72446233, 0.63328362
-0.3579272, 1.02754915, 1.0387876
0.32331309, -0.19785149, -0.92535174
0.72568774, 0.61384374
-0.61768103, 0.95729703, 1.16183281
-0.85985899, -0.398175, -0.31946775
0.72175467, 0.67742106
-0.61423433, 0.96983409, 1.1608355
-0.74675739, 0.65550709, -0.11230811
0.71922827, 0.67563036
-0.61711323, 0.96446407, 1.1585623
-0.87578964, 0.11694693, -0.46824548
0.72017753, 0.6768733
-0.6105389, 0.97158033, 1.16688728
-0.60533464, 0.73659474, 0.30152288
0.71918637, 0.67430684
-0.61563241, 0.9516685, 1.16920412
-0.76116216, -0.64790797, -0.0286874
0.72320729, 0.67700261
-0.60709035, 0.96956545, 1.17475355
-0.50282294, 0.6807459, 0.53263956
0.71996599, 0.67327234
-0.61218387, 0.94965363, 1.1770705
-0.60042113, -0.73686939, 0.31058687
0.72395498, 0.67594564
-0.60504174, 0.96393692, 1.18212497
-0.35608998, 0.51716667, 0.77825248
0.72140837, 0.67288899
-0.60848844, 0.95139986, 1.18312228
-0.36158329, -0.59294415, 0.71944332
0.7238822, 0.6746386
-0.60560954, 0.95676988, 1.18539548
-0.2051149, -0.02887051, 0.97830135
0.72294348, 0.67343253
-0.4284285, 1.0233202, 1.08035755
-0.43565172, 0.21011993, -0.87520981
0.72097719, 0.63135263
-0.4270469, 1.01166332, 1.0809896
-0.29074985, -0.33643603, -0.89565724
0.72390604, 0.63202053
-0.42714137, 1.03271079, 1.08487713
-0.45558029, 0.71486557, -0.53041172
0.71887976, 0.63018069
-0.41686076, 1.02570426, 1.105057
0.24475844, 0.38200018, 0.89114046
0.72156912, 0.62813771
-0.41547915, 1.01404738, 1.10568917
0.41950744, -0.14578693, 0.8959319
0.72441518, 0.62878251
-0.42360058, 1.00317633, 1.08656299
-0.04504532, -0.79741812, -0.60173345
0.7262609, 0.63184991
-0.41676632, 1.00465679, 1.10116947
0.43891719, -0.675161, 0.59285259
0.72650665, 0.6299206
-0.4203071, 1.03419125, 1.09948361
-0.02816859, 0.79906613, 0.60057372
0.7192502, 0.62828547
-0.42411092, 1.03650284, 1.09196258
-0.30158392, 0.95138401, 0.06241035
0.71831065, 0.6290603
-0.41979676, 1.00086474, 1.09408402
0.25656912, -0.96649069, -0.00421155
0.72714549, 0.6310429
-0.27702913, 1.23244047, 1.0387013
-0.76006347, 0.57991272, -0.2931608
0.68245894, 0.57699248
-0.0530215, 1.11071098, 0.97237724
0.26883754, -0.4120304, -0.87057102
0.73140913, 0.52361795
-0.23584108, 1.1675874, 1.11305594
-0.98663288, -0.11145359, 0.11865596
0.70370877, 0.575912
-0.09420955, 1.17556405, 0.89802253
0.06054872, 0.33149204, -0.94149601
0.70820653, 0.52006689
-0.06833253, 0.98154855, 0.99268836
0.25116733, -0.93560594, -0.24799341
0.76501769, 0.5400672
-0.2511521, 1.03842485, 1.13336706
-0.5836665, -0.71098971, 0.39213234
0.73187053, 0.58962247
-0.0354192, 1.1145463, 0.99428284
0.96087527, 0.21716972, 0.17181921
0.7319144, 0.52143192
-0.21823879, 1.17142272, 1.13496161
0.03256325, 0.47074801, 0.8816492
0.70480251, 0.57281119
-0.16703966, 0.89908159, 0.99266976
0.75701165, -0.64369643, -0.11206397
0.77900738, 0.57359251
-0.20213529, 0.89908159, 0.95685744
0.12732323, -0.64369643, -0.75457013
0.77804267, 0.58133057
-0.17876941, 0.89908159, 0.96906197
0.546556, -0.64369643, -0.53559983
0.77949804, 0.5753957
-0.17142642, 0.89908159, 1.01866353
0.67830437, -0.64369643, 0.35428938
0.77691704, 0.57629421
-0.22821236, 0.89908159, 0.96071786
-0.34049502, -0.64369643, -0.68532366
0.77519536, 0.5889675
-0.19025409, 0.89908159, 1.03711438
0.34049502, -0.64369643, 0.68532366
0.77411026, 0.58215111
-0.24704003, 0.89908159, 0.97916871
-0.67830437, -0.64369643, -0.35428938
0.77221006, 0.59497026
-0.21633115, 0.89908159, 1.04097474
-0.12732323, -0.64369643, 0.75457013
0.77156782, 0.58901641
-0.25142679, 0.89908159, 1.00516248
-0.75701165, -0.64369643, 0.11206397
0.77031368, 0.59699246
-0.23969704, 0.89908159, 1.02877021
-0.546556, -0.64369643, 0.53559983
0.7701214, 0.59462196
-0.20213529, 0.9563337, 0.95685744
0.12732323, 0.64369643, -0.75457013
0.76106626, 0.5760709
-0.16703966, 0.9563337, 0.99266976
0.75701165, 0.64369643, -0.11206397
0.76282376, 0.56866878
-0.17876941, 0.9563337, 0.96906197
0.546556, 0.64369643, -0.53559983
0.7627883, 0.57029292
-0.19005765, 0.9563337, 0.98012429
0.44361705, 0.78368479, -0.43473616
0.7612049, 0.57412106
-0.20476541, 0.9563337, 0.97244209
0.10333567, 0.78368479, -0.61244547
0.76012731, 0.57772154
-0.22821236, 0.9563337, 0.96071786
-0.34049502, 0.64369643, -0.68532366
0.75834054, 0.58364564
-0.22117971, 0.9563337, 0.97487205
-0.2763451, 0.78368479, -0.55623037
0.75844735, 0.5823929
-0.24704003, 0.9563337, 0.97916871
-0.67830437, 0.64369643, -0.35428938
0.75580549, 0.58971095
-0.23303087, 0.9563337, 0.98648602
-0.5505234, 0.78368479, -0.28754538
0.75686562, 0.58619252
-0.23579213, 0.9563337, 1.00284791
-0.61442918, 0.78368479, 0.09094515
0.75600797, 0.58764178
-0.25142679, 0.9563337, 1.00516248
-0.75701165, 0.64369643, 0.11206397
0.75448275, 0.59188807
-0.2284088, 0.9563337, 1.01770794
-0.44361705, 0.78368479, 0.43473616
0.75615835, 0.58632249
-0.23969704, 0.9563337, 1.02877021
-0.546556, 0.64369643, 0.53559983
0.7547636, 0.58969486
-0.18267432, 0.9563337, 0.99498433
0.61442918, 0.78368479, -0.09094515
0.76125807, 0.5730269
-0.17142642, 0.9563337, 1.01866353
0.67830437, 0.64369643, 0.35428938
0.7612918, 0.57150432
-0.18543558, 0.9563337, 1.01134622
0.5505234, 0.78368479, 0.28754538
0.76031768, 0.57473713
-0.19025409, 0.9563337, 1.03711438
0.34049502, 0.64369643, 0.68532366
0.75887239, 0.57740861
-0.19728674, 0.9563337, 1.02296019
0.27637562, 0.78368479, 0.55623037
0.75878179, 0.57847279
-0.21370104, 0.9563337, 1.02539015
-0.10333567, 0.78368479, 0.61244547
0.75721306, 0.58284378
-0.21633115, 0.9563337, 1.04097474
-0.12732323, 0.64369643, 0.75457013
0.75642824, 0.58422336
-0.20476541, 1.06845248, 0.97244209
0.12732323, 0.64369643, -0.75457013
0.72869945, 0.56794181
-0.18267432, 1.06845248, 0.99498433
0.75701165, 0.64369643, -0.11206397
0.73071951, 0.5636324
-0.19005765, 1.06845248, 0.98012429
0.546556, 0.64369643, -0.53563035
0.73007178, 0.56451917
-0.18543558, 1.06845248, 1.01134622
0.67830437, 0.64369643, 0.35428938
0.73042756, 0.56549987
-0.22117971, 1.06845248, 0.97487205
-0.34049502, 0.64369643, -0.68532366
0.72715515, 0.57254079
-0.19728674, 1.06845248, 1.02296019
0.34049502, 0.64369643, 0.68532366
0.72935301, 0.56929091
-0.23303087, 1.06845248, 0.98648602
-0.67830437, 0.64369643, -0.35428938
0.72607863, 0.57640615
-0.21370104, 1.06845248, 1.02539015
-0.12732323, 0.64369643, 0.75457013
0.72790331, 0.57359841
-0.23579213, 1.06845248, 1.00284791
-0.75701165, 0.64369643, 0.11206397
0.72588009, 0.57802835
-0.2284088, 1.06845248, 1.01770794
-0.546556, 0.64369643, 0.53563035
0.72658753, 0.57691544
0.11305304, -0.26743358, 1.42949343
0.49549851, -0.86654258, -0.0595111
0.6102283, 0.3881731
0.05493908, -0.25580087, 1.4205786
-0.25104526, 0.02252266, -0.96768087
0.60976231, 0.38511425
0.12824109, -0.22558835, 1.38234413
0.62492752, 0.01077303, -0.78057194
0.60776031, 0.38895488
-0.17199899, -0.26840299, 1.39205897
-0.19586779, 0.83840448, 0.50859094
0.62449396, 0.54656899
-0.19235985, -0.22350746, 1.37236249
-0.79607534, 0.51567125, -0.31669056
0.63542068, 0.54186803
-0.19235985, -0.26986969, 1.37682664
-0.21607104, 0.49324015, -0.84261602
0.62584752, 0.54275817
-0.17199899, -0.22204076, 1.38759482
-0.24274422, 0.70900601, 0.66209906
0.63421512, 0.54575014
0.21485734, -0.22350746, 1.37236249
0.77355266, 0.51368755, -0.37110507
0.63535202, 0.63297945
0.19953783, -0.26840299, 1.39205897
0.22733238, 0.85305339, 0.46967986
0.62443376, 0.62934402
0.21485734, -0.26986969, 1.37682664
0.24976349, 0.45014802, -0.85729545
0.62578237, 0.63185054
0.19953783, -0.22204076, 1.38759482
0.29688406, 0.69615769, 0.65361494
0.6341517, 0.63043618
0.11305304, -0.22204076, 1.38759482
-0.13245033, 0.93627733, 0.32526627
0.61816895, 0.44727147
0.12824109, -0.22558835, 1.38234413
0.62492752, 0.01077303, -0.78057194
0.6184535, 0.44807291
0.11305304, -0.22558835, 1.38234413
-0.27433088, 0.08758812, -0.95760977
0.6184535, 0.4472748
0.12824109, -0.22204076, 1.38759482
0.62050235, 0.78041935, 0.07687613
0.61816895, 0.44806945
-0.10694519, -0.22558835, 1.38234413
-0.62929165, 0.00817896, -0.77709281
0.70014286, 0.41545606
-0.09055556, -0.26743358, 1.42949343
-0.48777732, -0.87102878, -0.05764946
0.70014286, 0.41209805
-0.09055556, -0.26428914, 1.43478286
-0.15527818, -0.24057741, 0.95809811
0.6998384, 0.41199493
0.11305304, -0.26428914, 1.43478286
0.15634632, -0.24039429, 0.95797598
0.62038028, 0.6115779
0.12824109, -0.22204076, 1.38759482
0.62050235, 0.78041935, 0.07687613
0.63416398, 0.61418772
0.05493908, -0.2526564, 1.42586803
-0.15771966, 0.93591112, 0.31482893
0.62380087, 0.59787944
-0.09055556, -0.26428914, 1.43478286
-0.15527818, -0.24057741, 0.95809811
0.6204145, 0.5637587
-0.03203667, -0.2526564, 1.42586803
0.15674306, 0.93658257, 0.31339458
0.6238156, 0.57752252
-0.10694519, -0.22204076, 1.38759482
-0.25061801, 0.31159398, 0.91656238
0.63420415, 0.56058049
-0.48643252, -0.26986969, 1.37682664
-0.57734919, 0.51933348, -0.63002414
0.62589467, 0.47839785
-0.48643252, -0.26428914, 1.43478286
-0.55012667, 0.43559068, 0.71245462
0.62048143, 0.47075438
0.01124874, -0.26840299, 1.39205897
0.0, 0.77159947, 0.63606679
0.62446415, 0.58739874
0.50893003, -0.26428914, 1.43478286
0.55018771, 0.43565172, 0.71236306
0.62031341, 0.7045238
0.50893003, -0.26986969, 1.37682664
0.57734919, 0.51933348, -0.63002414
0.6257354, 0.69616675
-0.48643252, -0.42916897, 1.39216542
-0.57734919, -0.63002414, -0.51933348
0.59599924, 0.48573244
-0.48643252, -0.37352994, 1.4211216
-0.84115118, 0.31827754, 0.43717766
0.60160637, 0.47950733
-0.48643252, -0.41675746, 1.52106404
-0.54106265, -0.1307413, 0.83071381
0.57893348, 0.46980101
-0.48643252, -0.29714841, 1.41376686
-0.78844571, -0.1441084, 0.59794915
0.61652666, 0.47566497
-0.10694519, -0.22204076, 1.38759482
-0.25061801, 0.31159398, 0.91656238
0.69982362, 0.41536832
-0.09055556, -0.26743358, 1.42949343
-0.48777732, -0.87102878, -0.05764946
0.6102283, 0.3774721
-0.10694519, -0.22558835, 1.38234413
-0.62929165, 0.00817896, -0.77709281
0.60776031, 0.37659431
-0.03203667, -0.25580087, 1.4205786
0.24860378, 0.02499466, -0.96826077
0.60976231, 0.38054311
0.11305304, -0.22558835, 1.38234413
-0.27433088, 0.08758812, -0.95760977
0.60776031, 0.38815665
0.11305304, -0.22204076, 1.38759482
-0.13245033, 0.93627733, 0.32526627
0.63416642, 0.61072624
-0.09055556, -0.22204076, 1.38759482
0.23017059, 0.97271645, -0.02871792
0.63420117, 0.56431663
-0.03203667, -0.2526564, 1.42586803
0.15674306, 0.93658257, 0.31339458
0.61624277, 0.4396807
-0.03203667, -0.25580087, 1.4205786
0.24860378, 0.02499466, -0.96826077
0.61652827, 0.43968368
-0.09055556, -0.22558835, 1.38234413
0.27439192, 0.08761864, -0.95760977
0.6184535, 0.43657559
0.50893003, -0.29714841, 1.41376686
0.78844571, -0.1441084, 0.59794915
0.616368, 0.69914329
-0.10694519, -0.22558835, 1.38234413
-0.62929165, 0.00817896, -0.77709281
0.6184535, 0.43571436
-0.09055556, -0.22204076, 1.38759482
0.23017059, 0.97271645, -0.02871792
0.61816895, 0.43657219
-0.10694519, -0.22204076, 1.38759482
-0.25061801, 0.31159398, 0.91656238
0.61816895, 0.43571097
-0.09055556, -0.22558835, 1.38234413
0.27439192, 0.08761864, -0.95760977
0.60776031, 0.37745571
0.50893003, -0.41675746, 1.52106404
0.54106265, -0.1307413, 0.83071381
0.57878602, 0.70550287
0.50893003, -0.37352994, 1.4211216
0.84115118, 0.31827754, 0.43717766
0.60146058, 0.69491488
-0.09055556, -0.26428914, 1.43478286
-0.15527818, -0.24057741, 0.95809811
0.61050653, 0.37747085
0.11305304, -0.26428914, 1.43478286
0.15634632, -0.24039429, 0.95797598
0.61050653, 0.38817185
0.05493908, -0.25580087, 1.4205786
-0.25104526, 0.02252266, -0.96768087
0.62377012, 0.59775096
0.50893003, -0.42916897, 1.39216542
0.57734919, -0.63002414, -0.51933348
0.59586489, 0.68809271
0.12824109, -0.22204076, 1.38759482
0.62050235, 0.78041935, 0.07687613
0.6996609, 0.38187146
0.11305304, -0.26428914, 1.43478286
0.15634632, -0.24039429, 0.95797598
0.69967556, 0.38524723
0.11305304, -0.26743358, 1.42949343
0.49549851, -0.86654258, -0.0595111
0.69998002, 0.38514453
0.05493908, -0.25580087, 1.4205786
-0.25104526, 0.02252266, -0.96768087
0.61652827, 0.44425404
0.12824109, -0.22558835, 1.38234413
0.62492752, 0.01077303, -0.78057194
0.69998002, 0.38178408
-0.03203667, -0.25580087, 1.4205786
0.24860378, 0.02499466, -0.96826077
0.62378496, 0.57756227
0.56250644, 0.05509143, 0.53226399
0.70686972, 0.18005921, 0.68401134
0.56941736, 0.11909193
0.61753058, 0.05504271, 0.57556492
0.71678823, 0.69722587, -0.00543229
0.57371742, 0.11898327
0.61677259, 0.05498078, 0.53226393
0.70583206, 0.62425613, 0.33478805
0.57026565, 0.11897224
0.56250644, 0.05509143, 0.59742445
0.00030519, 0.0, 0.99996948
0.58179551, 0.11914307
0.61741698, 0.05507173, 0.58649731
0.01394696, 0.99987793, -0.00231941
0.58039457, 0.1189658
0.61763215, 0.05509143, 0.39060006
0.89440596, -0.21011993, 0.39475691
0.53918856, 0.11939192
0.61763215, -0.18367827, 0.49915442
0.81814021, 0.13034455, -0.55998415
0.56335092, 0.06807965
0.61680353, 0.02601594, 0.52494061
0.89443648, -0.1078219, 0.43394268
0.56904179, 0.11368299
0.61676407, 0.03517942, 0.54883605
0.9223609, 0.2412183, -0.30167547
0.57384312, 0.11468083
0.61679345, 0.03543722, 0.52732259
0.97888118, -0.11911374, -0.16605121
0.5687449, 0.11359602
0.61762512, -0.4135389, 0.41380554
0.78615677, -0.48765525, 0.37961975
0.54474235, 0.01823008
0.61762494, -0.41366467, 0.44086578
0.87859738, 0.11728263, -0.46287423
0.55080205, 0.01815784
-0.5948844, 0.05509143, 0.53226399
-0.70580155, 0.6176641, 0.34684286
0.15975052, 0.36076182
-0.5400089, 0.05509143, 0.39060006
-0.57734919, 0.57734919, 0.57734919
0.1905309, 0.36056322
-0.59513468, 0.05509143, 0.39060006
-0.94030577, 0.07824945, 0.33115634
0.19018754, 0.3606922
-0.5400089, 0.05509143, 0.53226399
-0.70628989, 0.17984557, 0.68468279
0.16049233, 0.36063236
0.61763215, 0.05509143, 0.59742445
0.33707693, 0.93975645, -0.05645924
0.58274686, 0.11899871
0.61760521, 0.56959444, -0.58669138
0.80269784, 0.59416485, -0.0507828
0.1856702, 0.47347826
0.43909687, 0.36962041, -1.40986395
0.2445143, 0.59962767, -0.76198614
0.01919333, 0.51518542
0.43906987, 0.62528366, -0.8493166
0.30707723, 0.91994995, -0.24359874
0.12676725, 0.50700217
0.27527815, 0.89908159, 0.79938233
0.70708334, 0.0, 0.70708334
0.49368989, 0.54017302
-0.25278068, 0.93355113, 0.79938233
-0.57734919, 0.57734919, 0.57734919
0.49684459, 0.65805557
-0.25278068, 0.89908159, 0.79938233
-0.70708334, 0.0, 0.70708334
0.49344325, 0.6577597
0.27527815, 0.93355113, 0.79938233
0.57734919, 0.57734919, 0.57734919
0.49709785, 0.53892207
0.6710217, -0.41492766, 0.98737168
0.81624806, 0.11127049, 0.56685078
0.67122579, 0.01540756
0.6710217, -0.06122022, 0.9246487
0.80239266, 0.22525711, 0.55259866
0.65695894, 0.0932976
0.56250644, -0.03706233, 0.9650839
0.99670398, -0.05285806, -0.0614948
0.66181988, 0.09947896
-0.22839932, -0.41314042, -0.62023652
-0.25089267, -0.92571795, -0.28293711
0.59641463, 0.80453849
-0.22839932, 0.05035011, -1.15598142
-0.59068573, -0.63341165, 0.49980164
0.48923784, 0.8104782
-0.22839932, -0.41314042, -1.26681054
-0.25550097, -0.37028107, 0.89306313
0.4533428, 0.80444399
-0.22839932, 0.05035011, -0.71728176
-0.58897674, -0.62724692, -0.50950652
0.57747912, 0.81052935
0.56250644, -0.3876074, 1.03546953
-0.77333903, 0.63396102, 0.0
0.67706847, 0.02595401
0.56250644, -0.25994235, 1.00983584
0.36396375, 0.4165166, 0.83306378
0.67150897, 0.05276078
0.56250644, -0.27696437, 1.01325369
0.94424266, -0.32920316, 0.0
0.67224967, 0.04918849
0.56250644, -0.40462941, 1.03888738
0.72829372, -0.23538926, 0.64351326
0.67781043, 0.02237743
0.56250644, -0.41314042, 1.04059625
0.21823786, 0.19208349, 0.9567858
0.67818117, 0.02058864
0.56250644, -0.07270029, 0.97223961
0.72829372, -0.23535874, 0.64351326
0.66336775, 0.09201574
0.56250644, -0.13227731, 0.98420203
0.36396375, 0.4165166, 0.83306378
0.6659565, 0.07953364
0.56250638, -0.14929932, 0.98761988
-0.30579546, -0.68776512, 0.65834528
0.66669643, 0.07596558
-0.64852422, -0.41492766, 0.98737168
-0.81624806, 0.11127049, 0.56685078
0.05855387, 0.46427399
-0.5400089, -0.3876074, 1.03546953
-0.3904233, 0.39103365, 0.83342999
0.05234855, 0.45552176
-0.5400089, -0.25994235, 1.00983584
-0.3904233, 0.39103365, 0.83342999
0.0580525, 0.42812163
-0.5400089, -0.40462941, 1.03888738
-0.47169408, -0.05948057, 0.87972653
0.05158671, 0.45918053
-0.5400089, -0.41314042, 1.04059625
-0.21823786, 0.19208349, 0.9567858
0.05120566, 0.46101111
-0.5400089, -0.27696437, 1.01325369
-0.83593249, -0.16211432, 0.52430797
0.05729284, 0.4317705
-0.5400089, -0.14929932, 0.98761988
-0.27054659, -0.14563432, 0.95159763
0.06298318, 0.40443677
-0.5400089, -0.07270029, 0.97223961
-0.47163305, -0.05948057, 0.87975705
0.06638967, 0.38807386
-0.5400089, -0.13227731, 0.98420203
0.43934447, 0.45316935, 0.77562791
0.06374069, 0.40079826
-0.5400089, -0.03706233, 0.9650839
-0.86382639, 0.07016205, 0.49885556
0.06797253, 0.38047034
0.6710217, 0.01526741, 0.56540817
0.78167057, 0.43983275, -0.44212165
0.57819021, 0.11019439
0.6710217, -0.41492766, 0.46708769
0.80718404, 0.14297922, -0.57267982
0.55678838, 0.0163008
-0.64852422, -0.06122022, 0.9246487
-0.79522079, 0.2501297, 0.55229348
0.07288187, 0.38651806
0.56250733, -0.14929932, 1.20434189
0.9173559, -0.320719, 0.23572497
0.71410096, 0.07465893
0.5199523, -0.25994235, 1.20434189
0.70708334, 0.70708334, 0.0
0.71277452, 0.05228698
0.5199523, -0.14929932, 1.20434189
0.70708334, -0.70708334, 0.0
0.71286988, 0.07545108
0.56250733, -0.25994235, 1.20434189
0.9173559, 0.320719, 0.23572497
0.71400315, 0.05120558
-0.49745467, -0.40462941, 1.20434165
-0.57731867, -0.57734919, -0.57734919
0.6406002, 0.401384
-0.54000968, -0.41314042, 1.20434165
-0.68501848, -0.5600757, -0.46583453
0.64062262, 0.39915657
-0.54000968, -0.40462941, 1.20434165
-0.9403668, -0.32877591, -0.08709983
0.6406002, 0.39914787
-0.49745467, -0.41314042, 1.20434165
-0.29340494, -0.39188817, -0.87194431
0.64062262, 0.40139282
0.27527815, 0.93355113, 0.50372005
0.57734919, 0.57734919, -0.57734919
0.43260464, 0.53754511
0.27527815, 0.89908159, 0.50372005
0.70708334, 0.0, -0.70708334
0.42999896, 0.53883126
0.5199523, -0.40462941, 1.20434189
0.70708334, -0.70708334, 0.0
0.71264994, 0.02206337
0.56250733, -0.41314042, 1.20434189
0.68501848, -0.5600757, -0.46583453
0.71386778, 0.01880765
0.5199523, -0.41314042, 1.20434189
0.30149236, -0.90450758, -0.30149236
0.71264255, 0.02028811
0.56250733, -0.40462941, 1.20434189
0.91732538, -0.320719, 0.23575549
0.71387529, 0.02060497
0.56250733, -0.27696437, 1.20434189
0.91738641, -0.320719, 0.23563342
0.71398795, 0.0476011
0.5199523, -0.3876074, 1.20434189
0.70708334, 0.70708334, 0.0
0.71266454, 0.0256151
0.5199523, -0.27696437, 1.20434189
0.70708334, -0.70708334, 0.0
0.71275979, 0.04872721
0.56250733, -0.3876074, 1.20434189
0.91732538, 0.320719, 0.23575549
0.71389043, 0.02420098
0.56250733, -0.3876074, 1.20434189
0.91732538, 0.320719, 0.23575549
0.97370887, 0.28487122
0.56250733, -0.27696437, 1.20434189
0.91738641, -0.320719, 0.23563342
0.97433913, 0.26240432
0.56250823, -0.30233565, 1.20434189
0.80523086, 0.0, -0.59294415
0.97419417, 0.26758176
0.61763215, 0.05035011, -0.71728176
0.97448653, -0.17661062, -0.13837092
0.30516508, 0.11884069
0.61763215, -0.41314042, -0.62023652
0.83968627, -0.51100194, -0.18375194
0.32475522, 0.01973498
0.6710217, -0.4105356, -0.67911649
0.91412091, 0.10150456, 0.39246804
0.30966112, 0.01972806
-0.25278068, 0.89908159, 0.50372005
-0.70708334, 0.0, -0.70708334
0.4298104, 0.65802923
-0.25278068, 0.93355113, 0.50372005
-0.57734919, 0.57734919, -0.57734919
0.4324111, 0.65833291
0.33226606, 0.62530959, -0.36547077
0.3015534, 0.90447706, -0.30152288
0.23246473, 0.53244659
0.33226606, 0.70124882, 0.20334455
0.23569445, 0.23569445, -0.94280833
0.35432425, 0.53226164
0.33226606, 0.62530959, 0.20334455
0.4082461, 0.4082461, -0.8164922
0.3511422, 0.53500047
0.33226606, 0.70124882, -0.36547077
0.57734919, 0.57734919, -0.57734919
0.23240295, 0.52956656
0.61763215, 0.05035011, -1.15598142
0.97479171, -0.1770684, 0.13559374
0.21388426, 0.11884254
0.6710217, -0.4105356, -1.20930719
0.90762049, 0.11551256, -0.40351573
0.19711646, 0.02004576
0.61763215, -0.41314042, -1.26681054
0.83761102, -0.51515245, 0.18158513
0.19080809, 0.02063406
0.6545946, 0.01242761, -0.75800526
0.91036713, 0.34931487, 0.22177801
0.29446778, 0.1100651
0.6545946, 0.01242761, -1.11773896
0.90807825, 0.35309917, -0.22504349
0.21959996, 0.11063761
-0.59516168, 0.56959444, -0.58669138
-0.81188393, 0.58192694, -0.04644917
0.18577188, 0.72807148
-0.43319583, 0.36962041, -1.40986395
-0.26413769, 0.59767449, -0.75695062
0.01950265, 0.69201604
-0.59513468, 0.21393122, -1.4165802
-0.69994199, 0.22751549, -0.6769616
0.02909426, 0.72027725
-0.43322283, 0.62528366, -0.8493166
-0.32923368, 0.91268653, -0.24198127
0.12693304, 0.69599193
0.25089681, 0.05035011, -1.15598142
0.59068573, -0.63341165, 0.49980164
0.48906478, 0.90691188
0.25089681, -0.41314042, -0.62023652
0.25089267, -0.92571795, -0.28293711
0.59640419, 0.91045645
0.25089681, -0.41314042, -1.26681054
0.25553149, -0.37031159, 0.89303261
0.45309219, 0.91056362
0.25089681, 0.05035011, -0.71728176
0.58897674, -0.62724692, -0.50950652
0.57744074, 0.90685016
0.61763215, 0.21393122, -1.4165802
0.69673759, 0.24085207, -0.67564929
0.02870397, 0.48681819
-0.30976859, 0.62530959, 0.20334455
-0.4082461, 0.4082461, -0.8164922
0.35101697, 0.66788495
-0.30976859, 0.70124882, 0.20334455
-0.23569445, 0.23569445, -0.94280833
0.35419211, 0.66877574
-0.66785771, 0.64451063, 1.14677274
-0.73699147, 0.60997343, 0.29105502
0.33908495, 0.82206295
-0.60400105, 0.64451063, 1.15495503
-0.32996613, 0.70442826, -0.62837613
0.35879162, 0.81901094
-0.66661787, 0.64451063, 1.1384238
-0.45139927, 0.57173377, -0.685049
0.33817863, 0.81986186
-0.63654929, 0.64451063, 1.17163479
-0.16034424, 0.61864072, 0.76912749
0.3516511, 0.8257637
-0.60524088, 0.64451063, 1.16330397
0.61864072, 0.4984588, 0.60725731
0.35958418, 0.82126671
0.62668741, 0.47352874, 1.15495503
-0.79036838, 0.16168706, 0.59083831
0.40524739, 0.92043641
0.56250644, 0.35112008, 1.10762513
0.86724448, -0.38288522, -0.31818599
0.42004979, 0.98053095
0.56250644, 0.36423963, 1.10762513
0.20780054, 0.28800318, -0.93478197
0.41973823, 0.97200524
0.62668741, 0.45714864, 1.15495503
0.27607045, -0.57441938, -0.77056187
0.40563661, 0.93011649
-0.60400105, 0.45714864, 1.15495503
-0.27716911, -0.57402265, -0.77047026
0.35363343, 0.92540134
-0.66785771, 0.45714864, 1.14677274
-0.73699147, -0.60997343, 0.29105502
0.33386752, 0.92709363
-0.66661787, 0.45714864, 1.1384238
-0.45139927, -0.57173377, -0.685049
0.33292487, 0.92533
-0.63654929, 0.45714864, 1.17163479
-0.16034424, -0.61864072, 0.76912749
0.34654996, 0.93045698
-0.60524088, 0.45714864, 1.16330397
0.48268074, -0.50016785, 0.718894
0.35446224, 0.92720587
-0.54660684, 0.68947792, 1.08347642
-0.09540086, -0.74645221, -0.65852839
0.3675822, 0.76989074
-0.60400105, 0.62936103, 1.15495503
0.97982728, -0.19925535, 0.01416059
0.35837898, 0.82719831
-0.60524088, 0.62936103, 1.16330397
0.77983946, -0.06936857, 0.62208927
0.3591744, 0.82942455
-0.5400089, 0.7070784, 1.08215582
-0.41755426, 0.84673607, 0.32959992
0.37000754, 0.75938123
-0.5400089, 0.7070784, 1.07364476
-0.85998106, 0.34238717, -0.37839898
0.36879697, 0.75676546
-0.60400105, 0.47352874, 1.15495503
0.7903989, 0.16122928, 0.59096044
0.35408911, 0.91567098
-0.5400089, 0.35112008, 1.10762513
-0.86785483, -0.38206121, -0.31748405
0.36338133, 0.9795009
-0.5400089, 0.36423963, 1.10762513
-0.20920438, 0.28748435, -0.93462938
0.36376426, 0.970927
-0.5400089, 0.6954208, 1.07364476
-0.68959624, -0.31394389, -0.65254676
0.36846143, 0.76307926
-0.5400089, 0.6954208, 1.07683313
0.66924042, -0.74303412, 0.0
0.36891767, 0.76405418
-0.5400089, 0.35112008, 1.11613619
-0.7503891, -0.58635211, 0.30506301
0.3646127, 0.98112667
-0.5400089, 0.6954208, 1.08215582
0.83165991, -0.44260994, 0.33527634
0.36967477, 0.76567596
-0.60524088, 0.47352874, 1.16330397
0.73570973, 0.28897977, 0.61250651
0.35491481, 0.91752139
0.56250644, 0.05509143, 0.88901365
0.99899286, -0.03869747, 0.0220954
0.64570463, 0.11901909
0.61676407, 0.05509143, 0.87526202
0.3455916, 0.86001158, 0.37534714
0.64425969, 0.11900443
0.62792724, 0.47352874, 1.16330397
-0.784051, 0.07834101, 0.6156804
0.40631804, 0.92198958
0.62668741, 0.62936103, 1.15495503
-0.83419293, -0.24942778, -0.49177527
0.40150669, 0.83235574
0.62792724, 0.62936103, 1.16330397
-0.77983946, -0.06936857, 0.62208927
0.40261492, 0.83427754
0.61763215, 0.05035011, -0.71728176
0.97448653, -0.17661062, -0.13837092
0.57741123, 0.98074886
0.61763215, 0.05035011, -1.15598142
0.97479171, -0.1770684, 0.13559374
0.48893207, 0.98089758
-0.59470063, 0.05509143, 0.59060001
-0.34238717, 0.93722343, -0.06598102
0.14718929, 0.36079079
-0.59426659, 0.03517942, 0.54883605
-0.93624681, 0.19721061, -0.29074985
0.15618157, 0.36504126
-0.64852422, 0.01526741, 0.56540817
-0.784051, 0.43641469, -0.44132817
0.15175289, 0.36957067
-0.30976859, 0.70124882, -0.36547077
-0.57734919, 0.57734919, -0.57734919
0.23240587, 0.66955701
-0.30976859, 0.62530959, -0.36547077
-0.3015534, 0.90450758, -0.30152288
0.23246753, 0.66862294
0.61763215, -0.41314042, -1.26681054
0.83761102, -0.51515245, 0.18158513
0.45289961, 0.9920021
-0.59426659, 0.05509143, 0.87526202
-0.36249885, 0.84505755, 0.3929258
0.08564287, 0.36093205
-0.64852422, 0.01526741, 0.8615104
-0.83474225, 0.47492903, 0.27857295
0.08687352, 0.36975247
0.61763215, -0.41314042, -0.62023652
0.83968627, -0.51100194, -0.18375194
0.59639609, 0.99174002
0.62668741, 0.64451063, 1.15495503
0.33002716, 0.70439774, -0.62837613
0.40113962, 0.82419905
0.62792724, 0.64451063, 1.16330397
-0.61864072, 0.4984588, 0.60725731
0.40225127, 0.82615098
0.61763215, -0.33230406, -1.4165802
0.64015627, -0.25208288, -0.72566915
0.72870791, 0.48257923
-0.59513468, -0.41314042, -1.35270822
-0.62086856, -0.70546585, -0.34168524
0.98464149, 0.50018907
-0.59513468, -0.33230406, -1.4165802
-0.64015627, -0.25208288, -0.72566915
0.98915344, 0.48271161
0.61763215, -0.41314042, -1.35270822
0.62086856, -0.70546585, -0.34168524
0.7341336, 0.49944913
0.6710217, 0.01526741, 0.8615104
0.84810936, 0.47346416, 0.23770867
0.64319861, 0.11011875
-0.43319583, 0.36962041, -1.40986395
-0.26413769, 0.59767449, -0.75695062
0.95323539, 0.33167553
0.61763215, 0.21393122, -1.4165802
0.69673759, 0.24085207, -0.67564929
0.72872686, 0.36453319
-0.59513468, 0.21393122, -1.4165802
-0.69994199, 0.22751549, -0.6769616
0.98908722, 0.36420995
0.43909687, 0.36962041, -1.40986395
0.2445143, 0.59962767, -0.76198614
0.76697147, 0.33169472
-0.59513468, -0.41314042, -1.26681054
-0.83761102, -0.51515245, 0.18158513
0.45353419, 0.72348621
-0.59513468, -0.41314042, -1.35270822
-0.62086856, -0.70546585, -0.34168524
0.43451041, 0.72345322
0.61763215, -0.41314042, -1.35270822
0.62086856, -0.70546585, -0.34168524
0.43379506, 0.99203715
-0.5400089, 0.05509143, 0.88901365
-0.99899286, -0.03869747, 0.0220954
0.08439916, 0.36080796
-0.59492111, -0.18275321, 0.49928272
-0.82338941, 0.12784204, -0.55281228
0.1667437, 0.41185218
-0.64852422, -0.41492766, 0.46708769
-0.80718404, 0.14297922, -0.57267982
0.17302954, 0.46335453
-0.5400089, 0.05509143, 0.59060001
-0.00061037, 0.0, 0.99996948
0.14809328, 0.36066103
-0.59491944, 0.05507173, 0.57972962
-0.9992981, 0.03622547, 0.00686666
0.14952818, 0.36079001
-0.59512746, -0.41366467, 0.44086578
-0.87841427, 0.11792352, -0.46308786
0.17924798, 0.46157676
0.56250644, 0.36423963, 1.11613619
-0.80956447, 0.25678274, 0.52781761
0.42119494, 0.97327994
0.62792724, 0.45714864, 1.16330397
-0.4821009, -0.50041199, 0.71910763
0.40670374, 0.93162511
0.5692932, 0.68947792, 1.08347642
0.09540086, -0.74645221, -0.65852839
0.40508404, 0.77364296
0.69054407, 0.64451063, 1.14677274
0.73699147, 0.60997343, 0.29105502
0.3805865, 0.83319566
0.68930423, 0.64451063, 1.1384238
0.45139927, 0.57173377, -0.685049
0.37935841, 0.83134918
0.65923566, 0.64451063, 1.17163479
0.16034424, 0.61864072, 0.76912749
0.39435133, 0.83290502
0.56269526, 0.6954208, 1.07683313
-0.66924042, -0.74303412, 0.0
0.40586445, 0.76754569
0.56269526, 0.6954208, 1.07364476
0.68959624, -0.31394389, -0.65257728
0.40524966, 0.76673597
0.69054407, 0.45714864, 1.14677274
0.73699147, -0.60997343, 0.29105502
0.3853288, 0.93769491
0.68930423, 0.45714864, 1.1384238
0.45139927, -0.57173377, -0.685049
0.38414791, 0.9362786
0.65923566, 0.45714864, 1.17163479
0.16034424, -0.61864072, 0.76912749
0.39885503, 0.93711525
0.56269526, 0.6954208, 1.08215582
-0.83165991, -0.44260994, 0.33527634
0.40688443, 0.76889303
0.56269526, 0.7070784, 1.07364476
0.85998106, 0.34238717, -0.37839898
0.40494657, 0.76044106
-0.5400089, 0.36423963, 1.11613619
0.81023592, 0.25611132, 0.5271157
0.36499253, 0.97259736
0.56250644, 0.35112008, 1.11613619
0.7493515, -0.58732873, 0.30570391
0.42150298, 0.98176236
0.56269526, 0.7070784, 1.08215582
0.41755426, 0.84673607, 0.32959992
0.40658554, 0.76261786
0.5199514, -0.07270029, 0.97223961
0.34141058, -0.54451126, -0.76610613
0.66278279, 0.09259272
0.5199523, -0.13227731, 1.20434189
0.70708334, 0.70708334, 0.0
0.71288455, 0.07901883
0.5199514, -0.13227731, 0.98420203
0.48103276, 0.25894955, -0.8375805
0.66533989, 0.08026302
0.5199523, -0.07270029, 1.20434189
0.57731867, -0.57734919, -0.57734919
0.71293616, 0.09151435
0.5199514, -0.14929932, 0.98761988
-0.75853753, -0.6515702, 0.0
0.6660707, 0.07673877
0.56250733, -0.13227731, 1.20434189
0.9173559, 0.320719, 0.23572497
0.71411598, 0.07827133
0.5199514, -0.27696437, 1.01325369
0.94442582, -0.32862329, 6.104e-05
0.67155588, 0.05028886
0.5199514, -0.3876074, 1.03546953
0.44978181, 0.39939573, 0.79882199
0.67631531, 0.02733892
0.52290303, -0.30235109, 1.30455327
0.79628897, -3.052e-05, 0.60487688
0.97405833, 0.28477103
0.43180642, -0.30236614, 1.37351358
0.2525712, -0.20603046, 0.94537187
0.95934975, 0.28493708
0.52290213, -0.41314152, 1.30453908
0.52073735, -0.6576739, 0.54426712
0.97383368, 0.30148274
-0.49745467, -0.07270029, 1.20434165
-0.57731867, -0.57734919, -0.57734919
0.01841324, 0.38788486
-0.54000968, -0.13227731, 1.20434165
-0.9403668, 0.32877591, -0.08713035
0.01627877, 0.40101284
-0.54000968, -0.07270029, 1.20434165
-0.96166873, -0.27384257, 0.01413007
0.01638173, 0.38826472
-0.49745467, -0.13227731, 1.20434165
-0.57734919, 0.57734919, -0.57734919
0.01831242, 0.40050304
0.56250644, 0.72180182, 1.16125083
0.63801998, 0.37266153, 0.67378765
0.97640359, 0.04940218
0.45054936, 0.72180182, 1.23388267
0.19879757, 0.65462202, 0.7293008
0.95424879, 0.05582923
0.44510859, 0.39268309, 1.30248535
0.25431073, 0.17233802, 0.95162815
0.96034908, 0.11714178
0.51190704, 0.89908159, 1.1031189
0.39506212, 0.68636125, 0.61058384
0.96573406, 0.01532298
0.56250733, -0.07270029, 1.20434189
0.96432388, -0.26239815, 0.03408917
0.71416867, 0.09092301
-0.54000968, -0.14929932, 1.20434165
-0.9403668, -0.32877591, -0.08713035
0.01624932, 0.40465766
-0.49745467, -0.25994235, 1.20434165
-0.57731867, 0.57734919, -0.57734919
0.01809566, 0.42758614
-0.54000968, -0.25994235, 1.20434165
-0.9403668, 0.32877591, -0.08713035
0.01605778, 0.42837447
-0.49745467, -0.14929932, 1.20434165
-0.57731867, -0.57734919, -0.57734919
0.01828348, 0.40411085
0.5199514, -0.40462941, 1.03888738
0.27964109, -0.96008182, 0.0
0.67704797, 0.02380621
0.5199514, -0.41314042, 1.04059625
0.74773401, -0.66399121, 0.00012207
0.6774143, 0.02203929
-0.42890444, 0.72180182, 1.23388267
-0.19598986, 0.657857, 0.72716451
0.75586396, 0.05652589
-0.48940957, 0.89908159, 1.1031189
-0.39503157, 0.68651384, 0.61043125
0.74592006, 0.01527423
-0.5400089, 0.72180182, 1.16125083
-0.63756216, 0.37690359, 0.67186499
0.73894584, 0.05022329
0.56250644, 0.39268449, 1.20440388
0.89880061, 0.02932829, 0.43729973
0.97834027, 0.1199882
-0.43870902, 0.39268309, 1.30245376
-0.28122807, 0.17267373, 0.943968
0.75041115, 0.11785543
-0.5400089, 0.39268449, 1.20435083
-0.91467023, 0.02706992, 0.40321055
0.7373094, 0.12080723
-0.54000968, -0.27696437, 1.20434165
-0.9403668, -0.32874539, -0.0872219
0.74272323, 0.26315939
-0.54000968, -0.3876074, 1.20434165
-0.9403668, 0.32877591, -0.08709983
0.74357712, 0.28561652
-0.54001045, -0.30233565, 1.20434165
-0.82692951, 0.0, -0.56227303
0.74291986, 0.26833457
-0.54000968, -0.3876074, 1.20434165
-0.9403668, 0.32877591, -0.08709983
0.01583605, 0.45579696
-0.54000968, -0.27696437, 1.20434165
-0.9403668, -0.32874539, -0.0872219
0.01602816, 0.43202752
-0.49745467, -0.27696437, 1.20434165
-0.57731867, -0.57734919, -0.57734919
0.01806682, 0.43120158
-0.49745467, -0.3876074, 1.20434165
-0.57731867, 0.57734919, -0.57734919
0.01787855, 0.45472795
-0.49745467, -0.40462941, 1.20434165
-0.57731867, -0.57734919, -0.57734919
0.01784968, 0.45835155
-0.4974539, -0.41314042, 1.04059625
-0.48091066, -0.25891903, 0.83764154
0.05288493, 0.45989078
-0.49745467, -0.41314042, 1.20434165
-0.29340494, -0.39188817, -0.87194431
0.01783504, 0.46016324
-0.4974539, -0.40462941, 1.03888738
-0.21716972, -0.05282754, 0.97466964
0.05326175, 0.45807946
-0.48940957, 0.89908159, 0.39060006
-0.48478651, 0.64250618, -0.59337139
0.40492731, 0.71175423
-0.43319583, 0.72180182, 0.39060006
-0.30149236, 0.30149236, -0.90450758
0.39410746, 0.6949614
-0.5400089, 0.72180182, 0.39060006
-0.72869045, 0.10193183, -0.67720574
0.39407828, 0.7176162
0.51190704, 0.89908159, 0.39060006
0.48478651, 0.64250618, -0.59337139
0.40524098, 0.48453707
0.43909687, 0.72180182, 0.39060006
0.30149236, 0.30149236, -0.90450758
0.39434704, 0.50963867
0.56250644, 0.72180182, 0.39060006
0.72869045, 0.10193183, -0.67720574
0.39438096, 0.48337454
-0.4974539, -0.13227731, 0.98420203
-0.2590411, 0.32059693, 0.91109955
0.06528761, 0.40029216
-0.4974539, -0.27696437, 1.01325369
-0.2171392, -0.05279702, 0.97470015
0.05890786, 0.43094891
-0.4974539, -0.14929932, 0.98761988
-0.21304971, -0.14780115, 0.9657582
0.06453811, 0.40389401
0.5199514, -0.25994235, 1.00983584
0.44978181, 0.39939573, 0.79882199
0.67082405, 0.05381739
-0.54000968, -0.40462941, 1.20434165
-0.9403668, -0.32877591, -0.08709983
0.01580646, 0.45945805
-0.4974539, -0.07270029, 0.97223961
-0.21716972, -0.05282754, 0.97466964
0.06790882, 0.3876971
0.56250644, 0.05509143, 0.39060006
0.57734919, 0.57734919, 0.57734919
0.53985363, 0.1187188
-0.4974539, -0.25994235, 1.00983584
-0.2590411, 0.32056642, 0.91109955
0.05965941, 0.42733699
-0.59481895, 0.05496283, 0.54851228
-0.70958585, 0.70458084, 0.0037843
0.15625358, 0.36079752
-0.4974539, -0.3876074, 1.03546953
-0.79250467, 0.35331279, 0.49708548
0.05401545, 0.45445758
0.51190704, 0.89908159, 1.1031189
0.39506212, 0.68636125, 0.61058384
0.55748731, 0.4894731
-0.48940957, 0.89908159, 1.1031189
-0.39503157, 0.68651384, 0.61043125
0.5569123, 0.7093896
0.43909687, 0.72180182, 0.20334455
0.57734919, 0.57734919, -0.57734919
0.35523802, 0.50858051
0.43909687, 0.62530959, 0.39060006
0.64745015, 0.47627187, -0.59492785
0.38899285, 0.51385039
0.43909687, 0.62530959, 0.20334455
0.46040222, 0.83947265, -0.28855249
0.35116303, 0.51286143
0.44510859, -0.07270169, 1.31941271
0.21875668, 0.81215858, 0.54081851
0.95921916, 0.22686112
-0.43870902, -0.07270169, 1.31941271
-0.34580523, 0.53160191, 0.77315593
0.75253189, 0.22754174
-0.50040454, -0.07270139, 1.30457509
-0.64571065, 0.58519244, 0.49049348
0.74117202, 0.23129159
-0.50040543, -0.30235109, 1.30455303
-0.79631948, -6.104e-05, 0.60484636
0.74168515, 0.27799064
-0.54000968, -0.25994235, 1.20434165
-0.9403668, 0.32877591, -0.08713035
0.74259084, 0.25967872
-0.54000968, -0.14929932, 1.20434165
-0.9403668, -0.32877591, -0.08713035
0.74172407, 0.2368843
-0.54000968, -0.13227731, 1.20434165
-0.9403668, 0.32877591, -0.08713035
0.74158973, 0.23335141
-0.54000968, -0.07270029, 1.20434165
-0.96166873, -0.27384257, 0.01413007
0.74111736, 0.22092968
-0.54000968, -0.41314042, 1.20434165
-0.68501848, -0.5600757, -0.46583453
0.74377275, 0.29075825
-0.50040454, -0.41314152, 1.30453885
-0.52073735, -0.6576739, 0.54426712
0.74261963, 0.30222797
-0.54000968, -0.40462941, 1.20434165
-0.9403668, -0.32877591, -0.08709983
0.7437076, 0.28904599
0.56250733, -0.41314042, 1.20434189
0.68501848, -0.5600757, -0.46583453
0.97356451, 0.29001504
0.56250733, -0.40462941, 1.20434189
0.91732538, -0.320719, 0.23575549
0.97361255, 0.28830212
0.52290213, -0.07270139, 1.30457532
0.60438854, 0.65105134, 0.45912045
0.97597134, 0.22587466
0.56250733, -0.25994235, 1.20434189
0.9173559, 0.320719, 0.23572497
0.97443676, 0.25892216
0.56250733, -0.14929932, 1.20434189
0.9173559, -0.320719, 0.23572497
0.97507656, 0.2361182
0.56250733, -0.13227731, 1.20434189
0.9173559, 0.320719, 0.23572497
0.97517574, 0.23258346
0.56250733, -0.07270029, 1.20434189
0.96432388, -0.26239815, 0.03408917
0.97552443, 0.22015637
-0.43319583, 0.62530959, 0.39060006
-0.6531266, 0.46607867, -0.59678948
0.38876909, 0.69296202
-0.5400089, 0.58857763, 0.39060006
-0.66182441, 0.0, 0.74962616
0.38680306, 0.71385691
-0.59481061, 0.03008888, 0.52594393
-0.89046907, -0.1139256, 0.44050416
0.16109976, 0.36612278
-0.59513468, 0.05035011, -1.15598142
-0.97479171, -0.1770684, 0.13559374
0.5159356, 0.36093515
-0.59513468, 0.05035011, -0.71728176
-0.97448653, -0.17654958, -0.13846248
0.4247427, 0.36115152
-0.59513468, -0.41314042, -1.35270822
-0.62086856, -0.70546585, -0.34168524
0.55786908, 0.45846206
-0.59513468, -0.41314042, -1.26681054
-0.83761102, -0.51515245, 0.18158513
0.54010081, 0.45860285
-0.59513468, -0.33230406, -1.4165802
-0.64015627, -0.25208288, -0.72566915
0.57081372, 0.44128889
-0.59513468, -0.32134879, -1.4165802
1.0, 0.0, 0.0
0.57078063, 0.43897718
-0.59513468, 0.21393122, -1.4165802
-0.69994199, 0.22751549, -0.6769616
0.5691731, 0.32656217
-0.59513468, 0.56962043, 0.39060006
-0.6531266, 0.46607867, 0.59678948
0.19030321, 0.25098896
-0.59516168, 0.56959444, -0.58669138
-0.81188393, 0.58192694, -0.04644917
0.39661303, 0.25177819
0.56250644, 0.58681536, 0.39060006
0.80550551, 0.59254736, 0.0
0.38698661, 0.49040592
0.56250644, 0.58681536, 0.39060006
0.80550551, 0.59254736, 0.0
0.53926945, 0.21766204
0.56250644, 0.39268449, 1.20440388
0.89880061, 0.02932829, 0.43729973
0.71083593, 0.18990415
0.56250644, 0.72180182, 1.16125083
0.63801998, 0.37266153, 0.67378765
0.70333064, 0.25979692
0.56250644, 0.72180182, 0.39060006
0.72869045, 0.10193183, -0.67720574
0.53944242, 0.25887728
0.56250644, 0.00367987, 1.20438731
0.90560627, -0.00021363, 0.42405468
0.71347082, 0.10411316
-0.43319583, 0.72180182, 0.20334455
-0.57734919, 0.57734919, -0.57734919
0.35505587, 0.69542953
-0.43319583, 0.62530959, 0.20334455
-0.47477645, 0.83175147, -0.28766748
0.35099289, 0.69339845
-0.5400089, 0.72180182, 1.16125083
-0.63756216, 0.37690359, 0.67186499
0.02698615, 0.21955633
-0.48940957, 0.89908159, 0.39060006
-0.48478651, 0.64250618, -0.59337139
0.19101822, 0.18545306
-0.5400089, 0.72180182, 0.39060006
-0.72869045, 0.10193183, -0.67720574
0.19067681, 0.22045743
-0.48940957, 0.89908159, 1.1031189
-0.39503157, 0.68651384, 0.61043125
0.04181563, 0.18434054
-0.5400089, -0.01496351, 1.20436358
-0.92059082, -0.00012207, 0.39045382
0.0164768, 0.37592292
-0.5400089, 0.39268449, 1.20435083
-0.91467023, 0.02706992, 0.40321055
0.01915535, 0.28992254
-0.5400089, 0.52261871, 0.39060006
-0.70708334, 0.0, 0.70708334
0.19063327, 0.26214808
-0.5400089, 0.58857763, 0.39060006
-0.66182441, 0.0, 0.74962616
0.19064769, 0.24832642
0.61763215, 0.56962043, 0.39060006
0.64745015, 0.47627187, 0.59492785
0.38610715, 0.48012936
0.61763215, -0.33230406, -1.4165802
0.64015627, -0.25208288, -0.72566915
0.15876672, 0.03865516
0.61763215, -0.41314042, -1.35270822
0.62086856, -0.70546585, -0.34168524
0.17293322, 0.02109933
0.61763215, 0.21393122, -1.4165802
0.69673759, 0.24085207, -0.67564929
0.16051179, 0.15348834
0.61763215, 0.56962043, 0.39060006
0.64745015, 0.47627187, 0.59492785
0.53984874, 0.22891229
0.61760521, 0.56959444, -0.58669138
0.80269784, 0.59416485, -0.0507828
0.3333075, 0.22799081
-0.59513468, 0.56962043, 0.39060006
-0.6531266, 0.46607867, 0.59678948
0.38580781, 0.72443342
-0.40930879, -0.30236614, 1.37351346
-0.25254068, -0.20606098, 0.94537187
0.75612831, 0.28559524
0.51190704, 0.89908159, 0.39060006
0.48478651, 0.64250618, -0.59337139
0.53912693, 0.29445362
0.51190704, 0.89908159, 1.1031189
0.39506212, 0.68636125, 0.61058384
0.68805242, 0.29526162
0.56250644, 0.05509143, 0.59742445
0.00030519, 0.0, 0.99996948
0.84106553, 0.96913385
0.25089681, 0.05509143, 0.88901365
0.62254709, -0.7078768, -0.33356732
0.89899296, 0.90659189
0.25089681, 0.05509143, 0.59742445
0.70708334, -0.70708334, 0.0
0.84083039, 0.90663257
0.56250644, 0.05509143, 0.88901365
0.99899286, -0.03869747, 0.0220954
0.89928532, 0.96904474
0.25089681, -0.03706233, 0.9650839
0.65617847, -0.32419813, -0.68138677
0.91985923, 0.90723959
0.56250644, -0.03706233, 0.9650839
0.99670398, -0.05285806, -0.0614948
0.9201777, 0.9708252
0.43180642, -0.07270211, 1.37351608
0.24402601, 0.64195687, 0.72682881
0.96065366, 0.23046565
-0.40930879, -0.07270211, 1.37351584
-0.26139104, 0.57045197, 0.77858824
0.75425386, 0.23114467
-0.22839932, -0.41342652, 0.4138056
-0.25162512, -0.37391278, 0.8926664
0.82340288, 0.80370972
-0.59481061, 0.03008888, 0.52594393
-0.89046907, -0.1139256, 0.44050416
0.82424861, 0.7484678
-0.59512764, -0.4135389, 0.41380554
-0.78576005, -0.48786891, 0.38013855
0.83219916, 0.74798825
-0.59481061, 0.03008888, 0.52594393
-0.89046907, -0.1139256, 0.44050416
0.83529651, 0.74764937
-0.22839932, -0.41342652, 0.4138056
-0.25162512, -0.37391278, 0.8926664
0.82406688, 0.80350098
-0.5400089, 0.05509143, 0.53226399
-0.70628989, 0.17984557, 0.68468279
0.83276576, 0.74748993
-0.5400089, 0.05509143, 0.53226399
-0.70628989, 0.17984557, 0.68468279
0.83534509, 0.74794495
-0.22839932, -0.41342652, 0.4138056
-0.25162512, -0.37391278, 0.8926664
0.82411313, 0.8046847
-0.22839932, 0.05509143, 0.53226399
-0.59147924, -0.63618886, 0.49534592
0.82440376, 0.80857687
-0.22839932, 0.05509143, 0.88901365
-0.62254709, -0.7078768, -0.33356732
0.89931971, 0.80832982
-0.5400089, 0.05509143, 0.59060001
-0.00061037, 0.0, 0.99996948
0.83500159, 0.74854603
-0.5400089, 0.05509143, 0.88901365
-0.99899286, -0.03869747, 0.0220954
0.8982538, 0.74862966
0.56250644, 0.00367987, 1.20438731
0.90560627, -0.00021363, 0.42405468
0.97597885, 0.20409763
0.25089681, -0.41314042, 1.04059625
0.48579362, -0.66536456, 0.56678975
0.96204066, 0.91018328
0.25089681, -0.41314042, 0.46352699
0.70775473, -0.70644248, 0.00201422
0.83540082, 0.9102779
0.25089681, 0.05509143, 0.53226399
0.59147924, -0.63615835, 0.49534592
0.82782072, 0.9066416
0.25089681, -0.41342652, 0.4138056
0.2515946, -0.37388226, 0.8926664
0.82448298, 0.91028848
-0.5400089, -0.03706233, 0.9650839
-0.86382639, 0.07016205, 0.49885556
0.91905349, 0.74642226
-0.22839932, -0.03706233, 0.9650839
-0.9607532, -0.25043488, 0.11914426
0.92120773, 0.8073291
-0.22839932, -0.41314042, 0.46352699
-0.70775473, -0.70644248, 0.00201422
0.83501279, 0.80469598
-0.22839932, -0.41314042, 1.04059625
-0.27240822, -0.25034332, 0.92901397
0.96144253, 0.80477938
0.61762512, -0.4135389, 0.41380554
0.78615677, -0.48765525, 0.37961975
0.82477224, 0.99133161
0.56250644, 0.05509143, 0.53226399
0.70686972, 0.18005921, 0.68401134
0.82804298, 0.96915388
-0.5400089, -0.01496351, 1.20436358
-0.92059082, -0.00012207, 0.39045382
0.74065447, 0.20880878
-0.4974539, -0.41314042, 1.04059625
-0.48091066, -0.25891903, 0.83764154
0.96110767, 0.74576426
0.5199514, -0.41314042, 1.04059625
0.74773401, -0.66399121, 0.00012207
0.96237731, 0.96950632
0.5199523, -0.41314042, 1.20434189
0.30149236, -0.90450758, -0.30149236
0.99826747, 0.96945128
-0.49745467, -0.41314042, 1.20434165
-0.29340494, -0.39188817, -0.87194431
0.99687147, 0.74581581
-0.54000968, -0.41314042, 1.20434165
-0.68501848, -0.5600757, -0.46583453
0.99681342, 0.73649615
0.5199523, -0.41314042, 1.20434189
0.30149236, -0.90450758, -0.30149236
0.96469319, 0.29004389
-0.59512764, -0.4135389, 0.41380554
-0.78576005, -0.48786891, 0.38013855
0.18508154, 0.46150357
-0.4974539, -0.40462941, 1.03888738
-0.21716972, -0.05282754, 0.97466964
0.96008247, 0.74599093
-0.4974539, -0.27696437, 1.01325369
-0.2171392, -0.05279702, 0.97470015
0.94513822, 0.74929562
-0.4974539, -0.07270029, 0.97223961
-0.21716972, -0.05282754, 0.97466964
0.92280799, 0.75423357
0.5199514, -0.07270029, 0.97223961
0.34141058, -0.54451126, -0.76610613
0.92386496, 0.96278509
0.5199514, -0.13227731, 0.98420203
0.48103276, 0.25894955, -0.8375805
0.93022197, 0.96389455
-0.59513468, 0.05035011, -1.15598142
-0.97479171, -0.1770684, 0.13559374
0.48936993, 0.7368896
-0.64852422, -0.4105356, -1.20930719
-0.90762049, 0.11551256, -0.40351573
0.53219724, 0.45952779
-0.63209713, 0.01242761, -1.11773896
-0.90807825, 0.35309917, -0.22504349
0.51070392, 0.36909455
-0.64852422, -0.4105356, -0.67911649
-0.91412091, 0.10150456, 0.39246804
0.4201681, 0.46042126
-0.59513468, -0.41314042, -0.62023652
-0.83959472, -0.5110935, -0.18390454
0.4051919, 0.45967293
-0.63209713, 0.01242761, -0.75800526
-0.91036713, 0.34931487, 0.22177801
0.43524951, 0.36930835
-0.59513468, 0.05035011, -0.71728176
-0.97448653, -0.17654958, -0.13846248
0.57750863, 0.73702663
-0.59513468, -0.41314042, -0.62023652
-0.83959472, -0.5110935, -0.18390454
0.59642273, 0.7237339
-0.59512764, -0.4135389, 0.41380554
-0.78576005, -0.48786891, 0.38013855
0.82383615, 0.7241171
0.56250644, 0.13226922, 0.72081524
0.0, 0.0, -0.99996948
0.67220449, 0.43698078
0.56718749, 0.13231602, 0.72081524
0.0, 0.0, -0.99996948
0.67220438, 0.43722671
0.56250644, 0.13391061, 0.78001517
0.0, 0.0, -1.0
0.6315434, 0.34358907
0.56250644, 0.13395743, 0.78001517
0.0, 0.0, -1.0
0.63154328, 0.34358901
0.56718749, 0.13395743, 0.78001517
0.0, 0.0, -1.0
0.63154328, 0.343835
0.56718749, 0.13391061, 0.78001517
0.0, 0.0, -1.0
0.6315434, 0.343835
0.56250644, 0.13226922, 0.51067603
0.0, 0.0, -0.99996948
0.67578435, 0.36311126
0.56718749, 0.13231602, 0.51067603
0.0, 0.0, -0.99996948
0.67578423, 0.36335719
0.617531, 0.05509143, 0.59742445
0.0, 0.0, -1.0
0.60253739, 0.41958743
0.61773336, 0.05509143, 0.59742445
0.0, 0.0, -1.0
0.60254729, 0.41958356
0.61773336, 0.03486083, 0.59742445
0.0, 0.0, -1.0
0.60254729, 0.41952652
0.617531, 0.03486083, 0.59742445
0.0, 0.0, -1.0
0.60253739, 0.41953039
0.56250644, 0.13391061, 1.2173624
0.0, 0.0, -1.0
0.66528583, 0.36311126
0.56250644, 0.13395743, 1.2173624
0.0, 0.0, -1.0
0.66528559, 0.3631112
0.56718749, 0.13395743, 1.2173624
0.0, 0.0, -1.0
0.66528559, 0.36335719
0.56718749, 0.13391061, 1.2173624
0.0, 0.0, -1.0
0.66528583, 0.36335719
0.50681621, 1.20035303, 1.20369756
0.35447249, -0.3828547, 0.85305339
0.79842865, 0.52611864
0.45795339, 1.17434728, 0.98316985
-0.32905057, 0.92599261, -0.18500321
0.80774748, 0.58299106
# Number of Faces:
1290
# Face Data:
0, 1, 2
1, 0, 3
3, 4, 1
4, 3, 5
6, 7, 8
7, 6, 9
10, 11, 12
11, 10, 13
14, 15, 16
15, 14, 17
16, 9, 6
9, 16, 15
18, 19, 20
19, 18, 21
19, 21, 22
22, 21, 23
23, 21, 24
23, 24, 25
23, 25, 26
26, 25, 27
26, 27, 28
28, 27, 29
30, 31, 32
31, 30, 33
34, 33, 30
33, 34, 35
36, 37, 38
37, 36, 39
38, 40, 41
40, 38, 37
42, 43, 44
43, 42, 45
43, 45, 46
46, 45, 47
47, 45, 48
49, 47, 48
47, 49, 50
50, 49, 51
50, 51, 52
52, 51, 53
54, 4, 5
4, 54, 55
41, 56, 57
56, 41, 40
58, 59, 60
61, 62, 63
62, 61, 64
65, 62, 64
62, 65, 66
67, 65, 68
65, 67, 66
67, 69, 59
69, 67, 68
60, 69, 70
69, 60, 59
58, 70, 71
70, 58, 60
72, 71, 73
71, 72, 58
74, 72, 73
72, 74, 75
76, 75, 74
75, 76, 77
61, 77, 76
77, 61, 63
78, 64, 61
64, 78, 79
78, 76, 80
76, 78, 61
80, 74, 81
74, 80, 76
65, 79, 82
79, 65, 64
81, 73, 83
73, 81, 74
71, 84, 85
84, 71, 70
70, 86, 84
86, 70, 69
68, 86, 69
86, 68, 87
73, 85, 83
85, 73, 71
68, 82, 87
82, 68, 65
88, 89, 90
89, 88, 91
91, 88, 92
91, 92, 93
93, 92, 94
93, 94, 95
95, 94, 96
95, 96, 97
98, 99, 100
99, 98, 101
102, 103, 104
103, 102, 105
106, 107, 108
107, 106, 109
110, 102, 104
102, 110, 111
108, 111, 110
111, 108, 107
112, 113, 114
113, 112, 115
115, 100, 113
100, 115, 98
103, 116, 117
116, 103, 105
101, 106, 99
106, 101, 109
116, 114, 117
114, 116, 112
116, 115, 112
115, 116, 118
118, 116, 119
119, 116, 105
119, 105, 120
120, 105, 102
120, 102, 121
121, 102, 122
122, 102, 111
122, 111, 123
115, 124, 98
124, 115, 118
98, 124, 125
98, 125, 101
101, 125, 126
101, 126, 127
101, 127, 109
109, 127, 123
109, 123, 107
107, 123, 111
91, 128, 129
128, 91, 93
91, 130, 89
130, 91, 129
90, 131, 88
131, 90, 132
133, 88, 131
88, 133, 92
93, 134, 128
134, 93, 95
135, 97, 96
97, 135, 136
136, 95, 97
95, 136, 134
94, 133, 137
133, 94, 92
137, 96, 94
96, 137, 135
89, 132, 90
132, 89, 130
122, 78, 80
78, 122, 123
125, 82, 126
82, 125, 87
82, 127, 126
127, 82, 79
121, 80, 81
80, 121, 122
127, 78, 123
78, 127, 79
121, 83, 120
83, 121, 81
86, 125, 124
125, 86, 87
84, 119, 85
119, 84, 118
86, 118, 84
118, 86, 124
83, 119, 120
119, 83, 85
138, 139, 140
140, 141, 138
142, 143, 139
143, 144, 145
143, 145, 146
147, 148, 149
150, 151, 152
150, 153, 151
141, 152, 138
141, 150, 152
146, 145, 147
146, 147, 149
113, 117, 114
117, 113, 100
117, 100, 103
103, 100, 99
103, 99, 104
104, 99, 106
104, 106, 110
110, 106, 108
154, 148, 155
146, 149, 150
156, 157, 158
157, 156, 159
158, 160, 161
160, 158, 157
162, 157, 159
162, 160, 157
163, 158, 161
163, 156, 158
159, 163, 162
163, 159, 156
162, 161, 160
161, 162, 163
164, 165, 166
165, 164, 167
167, 164, 168
167, 168, 169
169, 168, 170
169, 170, 171
171, 170, 172
171, 172, 173
174, 175, 176
175, 174, 177
177, 174, 178
178, 174, 179
178, 179, 180
180, 179, 181
180, 181, 182
182, 181, 183
183, 181, 184
183, 184, 185
175, 186, 187
186, 175, 177
187, 186, 188
187, 188, 189
189, 188, 190
189, 190, 191
189, 191, 192
192, 191, 185
192, 185, 193
193, 185, 184
194, 195, 196
195, 194, 197
197, 194, 198
197, 198, 199
199, 198, 200
199, 200, 201
201, 200, 202
201, 202, 203
183, 200, 182
200, 183, 202
185, 202, 183
202, 185, 203
191, 203, 185
203, 191, 201
198, 178, 180
178, 198, 194
200, 180, 182
180, 200, 198
199, 191, 190
191, 199, 201
197, 190, 188
190, 197, 199
197, 186, 195
186, 197, 188
195, 177, 196
177, 195, 186
196, 178, 194
178, 196, 177
187, 168, 164
168, 187, 189
172, 184, 173
184, 172, 193
179, 167, 169
167, 179, 174
176, 167, 174
167, 176, 165
189, 170, 168
170, 189, 192
170, 193, 172
193, 170, 192
173, 181, 171
181, 173, 184
175, 165, 176
165, 175, 166
187, 166, 175
166, 187, 164
181, 169, 171
169, 181, 179
204, 205, 206
205, 204, 207
207, 208, 205
208, 207, 209
210, 211, 212
211, 210, 213
214, 215, 216
215, 214, 217
218, 219, 220
219, 218, 221
220, 213, 210
213, 220, 219
222, 223, 224
223, 222, 225
223, 225, 226
226, 225, 227
227, 225, 228
227, 228, 229
227, 229, 230
230, 229, 231
230, 231, 232
232, 231, 233
234, 235, 236
235, 234, 237
215, 238, 239
238, 215, 217
240, 241, 242
241, 240, 243
242, 244, 245
244, 242, 241
246, 247, 248
247, 246, 249
247, 249, 250
250, 249, 251
251, 249, 252
251, 252, 253
251, 253, 254
254, 253, 255
254, 255, 256
256, 255, 257
258, 259, 260
259, 258, 261
245, 262, 263
262, 245, 244
264, 265, 266
265, 264, 267
268, 269, 270
270, 269, 271
269, 272, 271
273, 274, 275
276, 273, 277
278, 279, 280
280, 281, 282
279, 281, 280
273, 275, 277
283, 273, 276
278, 284, 279
278, 272, 284
272, 278, 271
266, 283, 276
283, 266, 285
286, 265, 267
265, 285, 266
287, 268, 270
288, 289, 290
291, 292, 293
292, 291, 294
295, 294, 296
294, 295, 292
297, 296, 298
296, 297, 295
297, 299, 288
299, 297, 298
290, 299, 300
299, 290, 288
289, 300, 301
300, 289, 290
302, 301, 303
301, 302, 289
304, 302, 303
302, 304, 305
306, 305, 304
305, 306, 307
291, 307, 306
307, 291, 293
308, 294, 291
294, 308, 309
308, 306, 310
306, 308, 291
310, 304, 311
304, 310, 306
296, 309, 312
309, 296, 294
311, 303, 313
303, 311, 304
301, 314, 315
314, 301, 300
300, 316, 314
316, 300, 299
298, 316, 299
316, 298, 317
303, 315, 313
315, 303, 301
298, 312, 317
312, 298, 296
318, 319, 320
319, 318, 321
322, 323, 324
323, 322, 325
326, 327, 328
327, 326, 329
330, 322, 324
322, 330, 331
328, 331, 330
331, 328, 327
332, 333, 334
333, 332, 335
335, 320, 333
320, 335, 318
323, 336, 337
336, 323, 325
321, 326, 319
326, 321, 329
336, 334, 337
334, 336, 332
336, 335, 332
335, 336, 338
338, 336, 339
339, 336, 325
339, 325, 340
340, 325, 322
340, 322, 341
341, 322, 342
342, 322, 331
342, 331, 343
335, 344, 318
344, 335, 338
318, 344, 345
318, 345, 321
321, 345, 346
321, 346, 347
321, 347, 329
329, 347, 343
329, 343, 327
327, 343, 331
348, 349, 350
349, 348, 351
351, 352, 353
352, 351, 348
354, 355, 356
355, 354, 357
358, 356, 355
356, 358, 359
349, 360, 350
360, 349, 361
362, 363, 364
363, 362, 365
365, 361, 363
361, 365, 360
366, 358, 367
358, 366, 359
367, 364, 366
364, 367, 362
353, 357, 354
357, 353, 352
342, 308, 310
308, 342, 343
317, 346, 345
346, 317, 312
312, 347, 346
347, 312, 309
341, 310, 311
310, 341, 342
347, 308, 343
308, 347, 309
341, 313, 340
313, 341, 311
316, 345, 344
345, 316, 317
314, 339, 315
339, 314, 338
316, 338, 314
338, 316, 344
313, 339, 340
339, 313, 315
333, 337, 334
337, 333, 320
337, 320, 323
323, 320, 319
323, 319, 324
324, 319, 326
324, 326, 330
330, 326, 328
356, 353, 354
353, 356, 351
351, 356, 359
351, 359, 349
349, 359, 366
349, 366, 361
361, 366, 364
361, 364, 363
368, 369, 370
369, 368, 371
371, 368, 372
371, 372, 373
373, 372, 374
373, 374, 375
375, 374, 376
375, 376, 377
368, 370, 378
368, 378, 379
370, 369, 378
369, 380, 378
377, 381, 375
377, 382, 381
379, 372, 368
383, 372, 379
376, 384, 377
377, 384, 382
385, 371, 373
386, 369, 371
384, 376, 374
385, 373, 375
381, 385, 375
387, 374, 372
388, 389, 390
389, 388, 391
390, 392, 393
392, 390, 389
394, 389, 391
394, 392, 389
395, 390, 393
395, 388, 390
391, 395, 394
395, 391, 388
394, 393, 392
393, 394, 395
396, 397, 398
397, 396, 399
397, 399, 400
400, 399, 401
400, 401, 402
402, 401, 403
402, 403, 404
404, 403, 405
406, 407, 408
407, 406, 409
409, 406, 410
410, 406, 411
410, 411, 412
412, 411, 413
412, 413, 414
414, 413, 415
415, 413, 416
415, 416, 417
417, 416, 418
407, 419, 420
419, 407, 409
420, 419, 421
420, 421, 422
422, 421, 423
422, 423, 424
422, 424, 425
425, 424, 417
425, 417, 418
426, 427, 428
427, 426, 429
429, 426, 430
429, 430, 431
431, 430, 432
431, 432, 433
433, 432, 434
433, 434, 435
415, 432, 414
432, 415, 434
417, 434, 415
434, 417, 435
424, 435, 417
435, 424, 433
430, 410, 412
410, 430, 426
432, 412, 414
412, 432, 430
431, 424, 423
424, 431, 433
421, 431, 423
431, 421, 429
429, 419, 427
419, 429, 421
427, 409, 428
409, 427, 419
428, 410, 426
410, 428, 409
399, 422, 401
422, 399, 420
405, 416, 404
416, 405, 418
411, 397, 400
397, 411, 406
408, 397, 406
397, 408, 398
401, 425, 403
425, 401, 422
403, 418, 405
418, 403, 425
404, 413, 402
413, 404, 416
407, 398, 408
398, 407, 396
420, 396, 407
396, 420, 399
413, 400, 402
400, 413, 411
436, 437, 438
439, 440, 441
440, 439, 442
443, 444, 445
444, 443, 446
447, 448, 449
448, 447, 450
451, 452, 453
454, 455, 456
457, 458, 459
454, 458, 457
458, 454, 456
460, 439, 441
439, 460, 461
439, 461, 462
462, 461, 444
444, 461, 463
463, 461, 457
463, 457, 454
445, 463, 464
463, 445, 444
465, 466, 460
466, 465, 467
460, 466, 468
460, 468, 461
469, 451, 453
470, 471, 472
437, 473, 438
442, 474, 440
474, 442, 459
474, 459, 475
440, 446, 443
446, 440, 474
446, 474, 455
476, 477, 478
479, 461, 468
461, 479, 457
457, 479, 454
454, 479, 463
480, 481, 478
481, 480, 482
458, 475, 459
456, 455, 474
472, 471, 483
466, 484, 485
484, 466, 467
436, 486, 470
486, 436, 487
456, 474, 488
484, 465, 489
465, 484, 467
489, 485, 484
485, 489, 464
485, 464, 479
479, 464, 463
476, 478, 481
490, 491, 492
493, 447, 449
460, 489, 465
489, 460, 441
489, 441, 440
489, 440, 445
445, 440, 443
489, 445, 464
472, 436, 470
436, 472, 437
485, 468, 466
468, 485, 479
439, 459, 442
459, 439, 462
459, 462, 475
475, 462, 474
474, 462, 444
474, 444, 455
455, 444, 446
490, 492, 494
495, 456, 488
456, 495, 458
496, 497, 498
497, 496, 499
497, 499, 500
501, 496, 498
502, 503, 504
505, 504, 503
506, 502, 507
502, 506, 503
508, 509, 510
509, 508, 511
505, 512, 504
512, 505, 497
497, 505, 498
512, 497, 500
513, 514, 515
516, 517, 518
517, 516, 519
520, 521, 522
523, 524, 525
524, 523, 526
527, 528, 529
528, 527, 530
520, 530, 531
530, 520, 532
532, 520, 522
528, 533, 534
533, 528, 532
532, 528, 530
535, 536, 537
536, 535, 538
538, 535, 539
540, 537, 536
541, 542, 537
542, 541, 543
535, 542, 544
542, 535, 537
545, 502, 504
502, 545, 546
544, 547, 535
548, 549, 550
549, 548, 551
552, 553, 554
553, 552, 555
556, 516, 557
516, 556, 519
558, 559, 560
559, 558, 561
562, 563, 564
563, 562, 565
566, 567, 568
569, 570, 571
517, 572, 518
572, 517, 573
574, 575, 576
575, 574, 577
578, 579, 580
569, 571, 581
579, 581, 571
581, 579, 582
583, 584, 585
586, 584, 583
587, 588, 589
588, 587, 590
578, 582, 579
513, 591, 514
575, 592, 593
592, 575, 576
573, 557, 572
557, 573, 556
594, 595, 596
595, 594, 597
595, 597, 598
599, 600, 601
600, 599, 602
603, 604, 605
604, 603, 606
606, 603, 607
606, 594, 604
594, 606, 597
608, 609, 595
595, 610, 609
610, 595, 598
595, 611, 612
613, 614, 603
614, 613, 615
608, 616, 617
595, 605, 596
605, 595, 603
603, 595, 609
603, 609, 613
603, 618, 607
619, 598, 610
598, 619, 611
613, 607, 603
607, 613, 620
620, 615, 613
578, 581, 582
581, 578, 569
621, 512, 499
512, 621, 622
623, 624, 599
624, 623, 625
626, 587, 627
587, 626, 590
521, 622, 522
628, 629, 630
631, 574, 632
574, 631, 577
633, 587, 589
587, 633, 627
584, 515, 514
515, 584, 586
634, 628, 635
626, 588, 590
588, 626, 636
544, 634, 635
625, 637, 624
637, 625, 638
639, 640, 641
640, 639, 642
643, 622, 521
622, 621, 522
512, 500, 499
644, 645, 646
645, 644, 647
546, 507, 502
512, 545, 504
648, 649, 650
544, 651, 634
630, 652, 653
652, 630, 629
635, 628, 630
634, 654, 628
654, 634, 651
573, 519, 556
519, 573, 517
654, 655, 628
633, 648, 650
648, 633, 525
525, 633, 589
652, 656, 653
622, 643, 512
643, 545, 512
589, 523, 525
523, 589, 588
544, 635, 547
611, 595, 598
623, 601, 657
607, 597, 606
597, 607, 610
610, 607, 620
598, 597, 610
619, 610, 609
623, 602, 658
602, 623, 599
659, 637, 624
637, 660, 661
660, 637, 662
662, 637, 638
659, 663, 664
665, 602, 666
602, 665, 667
602, 667, 658
661, 665, 666
665, 661, 660
609, 620, 613
620, 609, 610
603, 614, 618
612, 608, 595
608, 612, 616
623, 599, 601
659, 668, 663
668, 659, 624
659, 669, 637
669, 659, 664
618, 620, 607
620, 618, 670
619, 608, 617
608, 619, 609
668, 624, 625
667, 623, 658
623, 667, 625
625, 667, 638
638, 667, 662
620, 670, 615
665, 662, 667
662, 665, 660
658, 671, 602
658, 657, 671
657, 658, 623
672, 638, 637
638, 668, 625
668, 638, 672
594, 605, 604
605, 594, 596
637, 669, 672
661, 624, 637
624, 661, 602
602, 661, 666
602, 599, 624
602, 671, 600
561, 563, 558
563, 561, 565
673, 674, 675
674, 673, 676
548, 677, 534
677, 548, 550
675, 678, 533
678, 675, 674
679, 563, 680
563, 679, 564
681, 682, 683
684, 685, 686
685, 684, 687
528, 562, 529
562, 528, 551
688, 689, 690
562, 549, 564
549, 562, 551
688, 691, 689
563, 527, 680
527, 563, 565
527, 561, 530
561, 527, 565
692, 674, 676
674, 692, 678
693, 694, 695
694, 693, 696
697, 560, 698
560, 697, 558
699, 700, 701
548, 674, 550
674, 548, 678
688, 690, 702
699, 701, 703
703, 701, 704
705, 706, 707
708, 709, 710
708, 710, 711
688, 700, 701
700, 688, 691
533, 548, 534
548, 533, 678
712, 713, 714
713, 712, 715
503, 506, 570
716, 717, 718
717, 716, 719
717, 719, 720
720, 719, 721
533, 673, 675
673, 533, 532
543, 687, 722
687, 543, 685
530, 558, 697
558, 530, 561
710, 540, 723
540, 710, 709
685, 541, 693
541, 685, 543
593, 632, 592
632, 593, 631
696, 541, 724
541, 696, 693
549, 528, 725
528, 549, 551
695, 540, 709
540, 695, 537
677, 549, 725
549, 677, 550
708, 538, 726
538, 708, 536
684, 542, 727
542, 684, 686
692, 673, 532
673, 692, 676
539, 715, 538
715, 539, 713
725, 534, 677
534, 725, 528
529, 564, 679
564, 529, 562
496, 501, 728
712, 538, 715
538, 712, 726
537, 694, 729
694, 537, 695
730, 511, 508
511, 730, 654
654, 730, 655
536, 711, 731
711, 536, 708
631, 575, 577
575, 631, 593
716, 732, 719
732, 716, 733
734, 735, 736
735, 734, 720
737, 703, 738
703, 737, 690
739, 707, 740
707, 739, 705
705, 739, 741
741, 739, 742
742, 739, 743
743, 739, 744
740, 745, 746
745, 740, 747
747, 740, 706
706, 740, 707
748, 681, 683
681, 748, 749
681, 749, 566
681, 566, 568
568, 750, 681
750, 568, 567
750, 567, 751
750, 751, 752
750, 752, 753
750, 753, 754
718, 755, 756
755, 718, 717
508, 757, 730
628, 730, 757
730, 628, 655
510, 758, 759
758, 760, 761
760, 758, 762
762, 758, 763
763, 758, 764
764, 758, 510
764, 510, 765
764, 765, 766
569, 503, 570
503, 569, 505
721, 735, 720
735, 721, 767
703, 744, 738
496, 621, 499
768, 496, 728
496, 768, 769
769, 768, 770
770, 768, 771
522, 692, 532
692, 522, 772
772, 522, 621
772, 621, 769
769, 621, 496
764, 762, 763
641, 646, 639
639, 646, 645
773, 593, 774
593, 773, 734
593, 734, 575
575, 736, 576
736, 575, 734
592, 774, 593
773, 720, 734
720, 773, 717
586, 632, 574
632, 586, 774
632, 774, 592
515, 574, 736
574, 515, 586
736, 574, 576
775, 776, 777
776, 775, 778
779, 542, 686
542, 779, 544
544, 779, 651
651, 779, 780
651, 780, 511
511, 781, 509
781, 511, 780
781, 780, 775
781, 775, 782
782, 775, 777
511, 654, 651
735, 767, 736
736, 513, 515
513, 736, 783
783, 736, 767
509, 765, 510
765, 509, 782
782, 509, 781
755, 773, 774
773, 755, 717
784, 580, 785
580, 784, 578
578, 784, 786
578, 786, 569
569, 786, 501
501, 786, 787
787, 786, 788
583, 774, 586
774, 583, 789
774, 789, 755
755, 789, 756
790, 740, 746
791, 770, 771
770, 791, 792
728, 787, 768
787, 728, 501
569, 498, 505
498, 569, 501
683, 790, 746
790, 683, 682
690, 699, 703
699, 690, 689
793, 794, 795
794, 793, 796
796, 797, 794
797, 796, 798
699, 691, 700
691, 699, 689
790, 799, 800
799, 790, 682
801, 802, 803
804, 805, 806
807, 808, 809
511, 508, 757
543, 727, 542
727, 543, 722
681, 799, 682
799, 681, 750
731, 540, 536
540, 731, 723
729, 541, 537
541, 729, 724
684, 722, 687
722, 684, 727
810, 807, 809
807, 810, 811
811, 810, 812
703, 688, 701
688, 703, 690
690, 813, 702
813, 690, 754
797, 814, 815
816, 815, 817
815, 816, 797
797, 816, 795
794, 797, 795
710, 731, 711
731, 710, 723
696, 729, 694
729, 696, 724
680, 529, 679
529, 680, 527
738, 744, 739
800, 737, 738
737, 750, 754
750, 737, 799
799, 737, 800
810, 818, 812
818, 810, 819
819, 820, 821
820, 809, 808
809, 820, 819
809, 819, 810
822, 816, 817
816, 822, 823
496, 506, 503
496, 503, 498
498, 503, 505
703, 824, 744
703, 704, 824
754, 690, 737
699, 688, 701
688, 699, 689
823, 795, 816
795, 823, 793
790, 739, 740
531, 697, 698
697, 531, 530
815, 821, 820
821, 815, 814
821, 814, 825
825, 814, 826
825, 826, 827
825, 827, 828
828, 827, 829
745, 830, 746
746, 830, 748
746, 748, 683
652, 831, 656
831, 652, 757
757, 652, 629
757, 629, 628
540, 729, 537
729, 540, 723
729, 723, 724
724, 723, 722
722, 723, 727
821, 832, 825
832, 821, 833
833, 821, 819
727, 544, 542
818, 834, 819
819, 834, 833
538, 731, 536
731, 538, 715
731, 715, 723
724, 543, 541
543, 724, 722
817, 820, 808
820, 817, 815
546, 521, 520
521, 546, 545
521, 545, 643
547, 653, 535
653, 547, 630
630, 547, 635
797, 835, 836
835, 797, 798
673, 522, 532
533, 677, 675
677, 533, 534
725, 679, 677
679, 725, 529
529, 725, 528
797, 826, 814
826, 797, 836
698, 675, 677
698, 677, 679
698, 679, 680
698, 680, 697
697, 680, 527
697, 527, 530
648, 524, 837
524, 648, 525
758, 838, 839
759, 840, 841
759, 839, 842
839, 759, 758
842, 838, 840
838, 842, 839
758, 761, 838
759, 842, 840
526, 837, 524
837, 526, 843
526, 844, 843
844, 526, 523
757, 759, 841
759, 508, 510
757, 841, 831
759, 757, 508
822, 588, 636
588, 822, 523
523, 845, 844
845, 523, 822
845, 822, 817
845, 817, 808
846, 846, 847
847, 847, 846
848, 849, 850
850, 851, 848
852, 852, 853
853, 853, 852
854, 855, 856
856, 857, 854
858, 859, 860
860, 861, 858
140, 139, 862
139, 143, 862
142, 144, 143
133, 72, 137
128, 134, 66
385, 386, 371
386, 380, 369
350, 360, 362
297, 305, 295
387, 384, 374
387, 372, 383
153, 863, 151
148, 154, 149
155, 863, 153
863, 155, 148
790, 800, 739
155, 153, 154
150, 141, 146
140, 862, 141
143, 146, 141
149, 154, 153
153, 150, 149
862, 143, 141
131, 132, 58
58, 72, 131
75, 137, 72
133, 131, 72
62, 66, 134
59, 58, 132
59, 132, 130
77, 63, 136
137, 75, 135
135, 75, 77
67, 59, 130
67, 130, 129
136, 135, 77
136, 63, 62
67, 129, 66
134, 136, 62
66, 129, 128
362, 367, 350
358, 355, 352
357, 352, 355
348, 350, 367
360, 365, 362
367, 358, 348
352, 348, 358
292, 295, 307
297, 288, 302
289, 302, 288
305, 307, 295
293, 292, 307
297, 302, 305
